# bank_id=12 (bg=3 ba=0) n=1472
# Columns: VA PA s imc ch dimm rank bg ba row col
0x00007d762f600040 0x0000000b0d1eb040 0 0 0 0 1 3 0 41399 192
0x00007d762f6000c0 0x0000000b0d1eb0c0 0 0 0 0 1 3 0 41399 200
0x00007d762f600140 0x0000000b0d1eb140 0 1 0 0 1 3 0 41399 192
0x00007d762f6001c0 0x0000000b0d1eb1c0 0 1 0 0 1 3 0 41399 200
0x00007d762f600240 0x0000000b0d1eb240 0 0 1 0 1 3 0 41399 192
0x00007d762f6002c0 0x0000000b0d1eb2c0 0 0 1 0 1 3 0 41399 200
0x00007d762f600340 0x0000000b0d1eb340 0 1 1 0 1 3 0 41399 192
0x00007d762f6003c0 0x0000000b0d1eb3c0 0 1 1 0 1 3 0 41399 200
0x00007d762f600440 0x0000000b0d1eb440 0 0 0 0 1 3 0 41399 208
0x00007d762f6004c0 0x0000000b0d1eb4c0 0 0 0 0 1 3 0 41399 216
0x00007d762f600540 0x0000000b0d1eb540 0 1 0 0 1 3 0 41399 208
0x00007d762f6005c0 0x0000000b0d1eb5c0 0 1 0 0 1 3 0 41399 216
0x00007d762f600640 0x0000000b0d1eb640 0 0 1 0 1 3 0 41399 208
0x00007d762f6006c0 0x0000000b0d1eb6c0 0 0 1 0 1 3 0 41399 216
0x00007d762f600740 0x0000000b0d1eb740 0 1 1 0 1 3 0 41399 208
0x00007d762f6007c0 0x0000000b0d1eb7c0 0 1 1 0 1 3 0 41399 216
0x00007d762f600840 0x0000000b0d1eb840 0 0 0 0 1 3 0 41399 224
0x00007d762f6008c0 0x0000000b0d1eb8c0 0 0 0 0 1 3 0 41399 232
0x00007d762f600940 0x0000000b0d1eb940 0 1 0 0 1 3 0 41399 224
0x00007d762f6009c0 0x0000000b0d1eb9c0 0 1 0 0 1 3 0 41399 232
0x00007d762f600a40 0x0000000b0d1eba40 0 0 1 0 1 3 0 41399 224
0x00007d762f600ac0 0x0000000b0d1ebac0 0 0 1 0 1 3 0 41399 232
0x00007d762f600b40 0x0000000b0d1ebb40 0 1 1 0 1 3 0 41399 224
0x00007d762f600bc0 0x0000000b0d1ebbc0 0 1 1 0 1 3 0 41399 232
0x00007d762f600c40 0x0000000b0d1ebc40 0 0 0 0 1 3 0 41399 240
0x00007d762f600cc0 0x0000000b0d1ebcc0 0 0 0 0 1 3 0 41399 248
0x00007d762f600d40 0x0000000b0d1ebd40 0 1 0 0 1 3 0 41399 240
0x00007d762f600dc0 0x0000000b0d1ebdc0 0 1 0 0 1 3 0 41399 248
0x00007d762f600e40 0x0000000b0d1ebe40 0 0 1 0 1 3 0 41399 240
0x00007d762f600ec0 0x0000000b0d1ebec0 0 0 1 0 1 3 0 41399 248
0x00007d762f600f40 0x0000000b0d1ebf40 0 1 1 0 1 3 0 41399 240
0x00007d762f600fc0 0x0000000b0d1ebfc0 0 1 1 0 1 3 0 41399 248
0x00007d762f609040 0x00000005ea972040 0 0 0 0 0 3 0 23883 640
0x00007d762f6090c0 0x00000005ea9720c0 0 0 0 0 0 3 0 23883 648
0x00007d762f609140 0x00000005ea972140 0 1 0 0 0 3 0 23883 640
0x00007d762f6091c0 0x00000005ea9721c0 0 1 0 0 0 3 0 23883 648
0x00007d762f609240 0x00000005ea972240 0 0 1 0 0 3 0 23883 640
0x00007d762f6092c0 0x00000005ea9722c0 0 0 1 0 0 3 0 23883 648
0x00007d762f609340 0x00000005ea972340 0 1 1 0 0 3 0 23883 640
0x00007d762f6093c0 0x00000005ea9723c0 0 1 1 0 0 3 0 23883 648
0x00007d762f609440 0x00000005ea972440 0 0 0 0 0 3 0 23883 656
0x00007d762f6094c0 0x00000005ea9724c0 0 0 0 0 0 3 0 23883 664
0x00007d762f609540 0x00000005ea972540 0 1 0 0 0 3 0 23883 656
0x00007d762f6095c0 0x00000005ea9725c0 0 1 0 0 0 3 0 23883 664
0x00007d762f609640 0x00000005ea972640 0 0 1 0 0 3 0 23883 656
0x00007d762f6096c0 0x00000005ea9726c0 0 0 1 0 0 3 0 23883 664
0x00007d762f609740 0x00000005ea972740 0 1 1 0 0 3 0 23883 656
0x00007d762f6097c0 0x00000005ea9727c0 0 1 1 0 0 3 0 23883 664
0x00007d762f609840 0x00000005ea972840 0 0 0 0 0 3 0 23883 672
0x00007d762f6098c0 0x00000005ea9728c0 0 0 0 0 0 3 0 23883 680
0x00007d762f609940 0x00000005ea972940 0 1 0 0 0 3 0 23883 672
0x00007d762f6099c0 0x00000005ea9729c0 0 1 0 0 0 3 0 23883 680
0x00007d762f609a40 0x00000005ea972a40 0 0 1 0 0 3 0 23883 672
0x00007d762f609ac0 0x00000005ea972ac0 0 0 1 0 0 3 0 23883 680
0x00007d762f609b40 0x00000005ea972b40 0 1 1 0 0 3 0 23883 672
0x00007d762f609bc0 0x00000005ea972bc0 0 1 1 0 0 3 0 23883 680
0x00007d762f609c40 0x00000005ea972c40 0 0 0 0 0 3 0 23883 688
0x00007d762f609cc0 0x00000005ea972cc0 0 0 0 0 0 3 0 23883 696
0x00007d762f609d40 0x00000005ea972d40 0 1 0 0 0 3 0 23883 688
0x00007d762f609dc0 0x00000005ea972dc0 0 1 0 0 0 3 0 23883 696
0x00007d762f609e40 0x00000005ea972e40 0 0 1 0 0 3 0 23883 688
0x00007d762f609ec0 0x00000005ea972ec0 0 0 1 0 0 3 0 23883 696
0x00007d762f609f40 0x00000005ea972f40 0 1 1 0 0 3 0 23883 688
0x00007d762f609fc0 0x00000005ea972fc0 0 1 1 0 0 3 0 23883 696
0x00007d762f60e040 0x0000000cae91f040 0 0 0 0 1 3 0 50632 960
0x00007d762f60e0c0 0x0000000cae91f0c0 0 0 0 0 1 3 0 50632 968
0x00007d762f60e140 0x0000000cae91f140 0 1 0 0 1 3 0 50632 960
0x00007d762f60e1c0 0x0000000cae91f1c0 0 1 0 0 1 3 0 50632 968
0x00007d762f60e240 0x0000000cae91f240 0 0 1 0 1 3 0 50632 960
0x00007d762f60e2c0 0x0000000cae91f2c0 0 0 1 0 1 3 0 50632 968
0x00007d762f60e340 0x0000000cae91f340 0 1 1 0 1 3 0 50632 960
0x00007d762f60e3c0 0x0000000cae91f3c0 0 1 1 0 1 3 0 50632 968
0x00007d762f60e440 0x0000000cae91f440 0 0 0 0 1 3 0 50632 976
0x00007d762f60e4c0 0x0000000cae91f4c0 0 0 0 0 1 3 0 50632 984
0x00007d762f60e540 0x0000000cae91f540 0 1 0 0 1 3 0 50632 976
0x00007d762f60e5c0 0x0000000cae91f5c0 0 1 0 0 1 3 0 50632 984
0x00007d762f60e640 0x0000000cae91f640 0 0 1 0 1 3 0 50632 976
0x00007d762f60e6c0 0x0000000cae91f6c0 0 0 1 0 1 3 0 50632 984
0x00007d762f60e740 0x0000000cae91f740 0 1 1 0 1 3 0 50632 976
0x00007d762f60e7c0 0x0000000cae91f7c0 0 1 1 0 1 3 0 50632 984
0x00007d762f60e840 0x0000000cae91f840 0 0 0 0 1 3 0 50632 992
0x00007d762f60e8c0 0x0000000cae91f8c0 0 0 0 0 1 3 0 50632 1000
0x00007d762f60e940 0x0000000cae91f940 0 1 0 0 1 3 0 50632 992
0x00007d762f60e9c0 0x0000000cae91f9c0 0 1 0 0 1 3 0 50632 1000
0x00007d762f60ea40 0x0000000cae91fa40 0 0 1 0 1 3 0 50632 992
0x00007d762f60eac0 0x0000000cae91fac0 0 0 1 0 1 3 0 50632 1000
0x00007d762f60eb40 0x0000000cae91fb40 0 1 1 0 1 3 0 50632 992
0x00007d762f60ebc0 0x0000000cae91fbc0 0 1 1 0 1 3 0 50632 1000
0x00007d762f60ec40 0x0000000cae91fc40 0 0 0 0 1 3 0 50632 1008
0x00007d762f60ecc0 0x0000000cae91fcc0 0 0 0 0 1 3 0 50632 1016
0x00007d762f60ed40 0x0000000cae91fd40 0 1 0 0 1 3 0 50632 1008
0x00007d762f60edc0 0x0000000cae91fdc0 0 1 0 0 1 3 0 50632 1016
0x00007d762f60ee40 0x0000000cae91fe40 0 0 1 0 1 3 0 50632 1008
0x00007d762f60eec0 0x0000000cae91fec0 0 0 1 0 1 3 0 50632 1016
0x00007d762f60ef40 0x0000000cae91ff40 0 1 1 0 1 3 0 50632 1008
0x00007d762f60efc0 0x0000000cae91ffc0 0 1 1 0 1 3 0 50632 1016
0x00007d762f637040 0x0000000cae916040 0 0 0 0 0 3 0 50632 896
0x00007d762f6370c0 0x0000000cae9160c0 0 0 0 0 0 3 0 50632 904
0x00007d762f637140 0x0000000cae916140 0 1 0 0 0 3 0 50632 896
0x00007d762f6371c0 0x0000000cae9161c0 0 1 0 0 0 3 0 50632 904
0x00007d762f637240 0x0000000cae916240 0 0 1 0 0 3 0 50632 896
0x00007d762f6372c0 0x0000000cae9162c0 0 0 1 0 0 3 0 50632 904
0x00007d762f637340 0x0000000cae916340 0 1 1 0 0 3 0 50632 896
0x00007d762f6373c0 0x0000000cae9163c0 0 1 1 0 0 3 0 50632 904
0x00007d762f637440 0x0000000cae916440 0 0 0 0 0 3 0 50632 912
0x00007d762f6374c0 0x0000000cae9164c0 0 0 0 0 0 3 0 50632 920
0x00007d762f637540 0x0000000cae916540 0 1 0 0 0 3 0 50632 912
0x00007d762f6375c0 0x0000000cae9165c0 0 1 0 0 0 3 0 50632 920
0x00007d762f637640 0x0000000cae916640 0 0 1 0 0 3 0 50632 912
0x00007d762f6376c0 0x0000000cae9166c0 0 0 1 0 0 3 0 50632 920
0x00007d762f637740 0x0000000cae916740 0 1 1 0 0 3 0 50632 912
0x00007d762f6377c0 0x0000000cae9167c0 0 1 1 0 0 3 0 50632 920
0x00007d762f637840 0x0000000cae916840 0 0 0 0 0 3 0 50632 928
0x00007d762f6378c0 0x0000000cae9168c0 0 0 0 0 0 3 0 50632 936
0x00007d762f637940 0x0000000cae916940 0 1 0 0 0 3 0 50632 928
0x00007d762f6379c0 0x0000000cae9169c0 0 1 0 0 0 3 0 50632 936
0x00007d762f637a40 0x0000000cae916a40 0 0 1 0 0 3 0 50632 928
0x00007d762f637ac0 0x0000000cae916ac0 0 0 1 0 0 3 0 50632 936
0x00007d762f637b40 0x0000000cae916b40 0 1 1 0 0 3 0 50632 928
0x00007d762f637bc0 0x0000000cae916bc0 0 1 1 0 0 3 0 50632 936
0x00007d762f637c40 0x0000000cae916c40 0 0 0 0 0 3 0 50632 944
0x00007d762f637cc0 0x0000000cae916cc0 0 0 0 0 0 3 0 50632 952
0x00007d762f637d40 0x0000000cae916d40 0 1 0 0 0 3 0 50632 944
0x00007d762f637dc0 0x0000000cae916dc0 0 1 0 0 0 3 0 50632 952
0x00007d762f637e40 0x0000000cae916e40 0 0 1 0 0 3 0 50632 944
0x00007d762f637ec0 0x0000000cae916ec0 0 0 1 0 0 3 0 50632 952
0x00007d762f637f40 0x0000000cae916f40 0 1 1 0 0 3 0 50632 944
0x00007d762f637fc0 0x0000000cae916fc0 0 1 1 0 0 3 0 50632 952
0x00007d762f641040 0x0000000b0d1ed040 0 0 0 0 1 3 0 41399 320
0x00007d762f6410c0 0x0000000b0d1ed0c0 0 0 0 0 1 3 0 41399 328
0x00007d762f641140 0x0000000b0d1ed140 0 1 0 0 1 3 0 41399 320
0x00007d762f6411c0 0x0000000b0d1ed1c0 0 1 0 0 1 3 0 41399 328
0x00007d762f641240 0x0000000b0d1ed240 0 0 1 0 1 3 0 41399 320
0x00007d762f6412c0 0x0000000b0d1ed2c0 0 0 1 0 1 3 0 41399 328
0x00007d762f641340 0x0000000b0d1ed340 0 1 1 0 1 3 0 41399 320
0x00007d762f6413c0 0x0000000b0d1ed3c0 0 1 1 0 1 3 0 41399 328
0x00007d762f641440 0x0000000b0d1ed440 0 0 0 0 1 3 0 41399 336
0x00007d762f6414c0 0x0000000b0d1ed4c0 0 0 0 0 1 3 0 41399 344
0x00007d762f641540 0x0000000b0d1ed540 0 1 0 0 1 3 0 41399 336
0x00007d762f6415c0 0x0000000b0d1ed5c0 0 1 0 0 1 3 0 41399 344
0x00007d762f641640 0x0000000b0d1ed640 0 0 1 0 1 3 0 41399 336
0x00007d762f6416c0 0x0000000b0d1ed6c0 0 0 1 0 1 3 0 41399 344
0x00007d762f641740 0x0000000b0d1ed740 0 1 1 0 1 3 0 41399 336
0x00007d762f6417c0 0x0000000b0d1ed7c0 0 1 1 0 1 3 0 41399 344
0x00007d762f641840 0x0000000b0d1ed840 0 0 0 0 1 3 0 41399 352
0x00007d762f6418c0 0x0000000b0d1ed8c0 0 0 0 0 1 3 0 41399 360
0x00007d762f641940 0x0000000b0d1ed940 0 1 0 0 1 3 0 41399 352
0x00007d762f6419c0 0x0000000b0d1ed9c0 0 1 0 0 1 3 0 41399 360
0x00007d762f641a40 0x0000000b0d1eda40 0 0 1 0 1 3 0 41399 352
0x00007d762f641ac0 0x0000000b0d1edac0 0 0 1 0 1 3 0 41399 360
0x00007d762f641b40 0x0000000b0d1edb40 0 1 1 0 1 3 0 41399 352
0x00007d762f641bc0 0x0000000b0d1edbc0 0 1 1 0 1 3 0 41399 360
0x00007d762f641c40 0x0000000b0d1edc40 0 0 0 0 1 3 0 41399 368
0x00007d762f641cc0 0x0000000b0d1edcc0 0 0 0 0 1 3 0 41399 376
0x00007d762f641d40 0x0000000b0d1edd40 0 1 0 0 1 3 0 41399 368
0x00007d762f641dc0 0x0000000b0d1eddc0 0 1 0 0 1 3 0 41399 376
0x00007d762f641e40 0x0000000b0d1ede40 0 0 1 0 1 3 0 41399 368
0x00007d762f641ec0 0x0000000b0d1edec0 0 0 1 0 1 3 0 41399 376
0x00007d762f641f40 0x0000000b0d1edf40 0 1 1 0 1 3 0 41399 368
0x00007d762f641fc0 0x0000000b0d1edfc0 0 1 1 0 1 3 0 41399 376
0x00007d762f652040 0x000000021c956040 0 0 0 0 0 3 0 5018 896
0x00007d762f6520c0 0x000000021c9560c0 0 0 0 0 0 3 0 5018 904
0x00007d762f652140 0x000000021c956140 0 1 0 0 0 3 0 5018 896
0x00007d762f6521c0 0x000000021c9561c0 0 1 0 0 0 3 0 5018 904
0x00007d762f652240 0x000000021c956240 0 0 1 0 0 3 0 5018 896
0x00007d762f6522c0 0x000000021c9562c0 0 0 1 0 0 3 0 5018 904
0x00007d762f652340 0x000000021c956340 0 1 1 0 0 3 0 5018 896
0x00007d762f6523c0 0x000000021c9563c0 0 1 1 0 0 3 0 5018 904
0x00007d762f652440 0x000000021c956440 0 0 0 0 0 3 0 5018 912
0x00007d762f6524c0 0x000000021c9564c0 0 0 0 0 0 3 0 5018 920
0x00007d762f652540 0x000000021c956540 0 1 0 0 0 3 0 5018 912
0x00007d762f6525c0 0x000000021c9565c0 0 1 0 0 0 3 0 5018 920
0x00007d762f652640 0x000000021c956640 0 0 1 0 0 3 0 5018 912
0x00007d762f6526c0 0x000000021c9566c0 0 0 1 0 0 3 0 5018 920
0x00007d762f652740 0x000000021c956740 0 1 1 0 0 3 0 5018 912
0x00007d762f6527c0 0x000000021c9567c0 0 1 1 0 0 3 0 5018 920
0x00007d762f652840 0x000000021c956840 0 0 0 0 0 3 0 5018 928
0x00007d762f6528c0 0x000000021c9568c0 0 0 0 0 0 3 0 5018 936
0x00007d762f652940 0x000000021c956940 0 1 0 0 0 3 0 5018 928
0x00007d762f6529c0 0x000000021c9569c0 0 1 0 0 0 3 0 5018 936
0x00007d762f652a40 0x000000021c956a40 0 0 1 0 0 3 0 5018 928
0x00007d762f652ac0 0x000000021c956ac0 0 0 1 0 0 3 0 5018 936
0x00007d762f652b40 0x000000021c956b40 0 1 1 0 0 3 0 5018 928
0x00007d762f652bc0 0x000000021c956bc0 0 1 1 0 0 3 0 5018 936
0x00007d762f652c40 0x000000021c956c40 0 0 0 0 0 3 0 5018 944
0x00007d762f652cc0 0x000000021c956cc0 0 0 0 0 0 3 0 5018 952
0x00007d762f652d40 0x000000021c956d40 0 1 0 0 0 3 0 5018 944
0x00007d762f652dc0 0x000000021c956dc0 0 1 0 0 0 3 0 5018 952
0x00007d762f652e40 0x000000021c956e40 0 0 1 0 0 3 0 5018 944
0x00007d762f652ec0 0x000000021c956ec0 0 0 1 0 0 3 0 5018 952
0x00007d762f652f40 0x000000021c956f40 0 1 1 0 0 3 0 5018 944
0x00007d762f652fc0 0x000000021c956fc0 0 1 1 0 0 3 0 5018 952
0x00007d762f656040 0x00000005ea973040 0 0 0 0 0 3 0 23883 704
0x00007d762f6560c0 0x00000005ea9730c0 0 0 0 0 0 3 0 23883 712
0x00007d762f656140 0x00000005ea973140 0 1 0 0 0 3 0 23883 704
0x00007d762f6561c0 0x00000005ea9731c0 0 1 0 0 0 3 0 23883 712
0x00007d762f656240 0x00000005ea973240 0 0 1 0 0 3 0 23883 704
0x00007d762f6562c0 0x00000005ea9732c0 0 0 1 0 0 3 0 23883 712
0x00007d762f656340 0x00000005ea973340 0 1 1 0 0 3 0 23883 704
0x00007d762f6563c0 0x00000005ea9733c0 0 1 1 0 0 3 0 23883 712
0x00007d762f656440 0x00000005ea973440 0 0 0 0 0 3 0 23883 720
0x00007d762f6564c0 0x00000005ea9734c0 0 0 0 0 0 3 0 23883 728
0x00007d762f656540 0x00000005ea973540 0 1 0 0 0 3 0 23883 720
0x00007d762f6565c0 0x00000005ea9735c0 0 1 0 0 0 3 0 23883 728
0x00007d762f656640 0x00000005ea973640 0 0 1 0 0 3 0 23883 720
0x00007d762f6566c0 0x00000005ea9736c0 0 0 1 0 0 3 0 23883 728
0x00007d762f656740 0x00000005ea973740 0 1 1 0 0 3 0 23883 720
0x00007d762f6567c0 0x00000005ea9737c0 0 1 1 0 0 3 0 23883 728
0x00007d762f656840 0x00000005ea973840 0 0 0 0 0 3 0 23883 736
0x00007d762f6568c0 0x00000005ea9738c0 0 0 0 0 0 3 0 23883 744
0x00007d762f656940 0x00000005ea973940 0 1 0 0 0 3 0 23883 736
0x00007d762f6569c0 0x00000005ea9739c0 0 1 0 0 0 3 0 23883 744
0x00007d762f656a40 0x00000005ea973a40 0 0 1 0 0 3 0 23883 736
0x00007d762f656ac0 0x00000005ea973ac0 0 0 1 0 0 3 0 23883 744
0x00007d762f656b40 0x00000005ea973b40 0 1 1 0 0 3 0 23883 736
0x00007d762f656bc0 0x00000005ea973bc0 0 1 1 0 0 3 0 23883 744
0x00007d762f656c40 0x00000005ea973c40 0 0 0 0 0 3 0 23883 752
0x00007d762f656cc0 0x00000005ea973cc0 0 0 0 0 0 3 0 23883 760
0x00007d762f656d40 0x00000005ea973d40 0 1 0 0 0 3 0 23883 752
0x00007d762f656dc0 0x00000005ea973dc0 0 1 0 0 0 3 0 23883 760
0x00007d762f656e40 0x00000005ea973e40 0 0 1 0 0 3 0 23883 752
0x00007d762f656ec0 0x00000005ea973ec0 0 0 1 0 0 3 0 23883 760
0x00007d762f656f40 0x00000005ea973f40 0 1 1 0 0 3 0 23883 752
0x00007d762f656fc0 0x00000005ea973fc0 0 1 1 0 0 3 0 23883 760
0x00007d762f657040 0x000000021c95f040 0 0 0 0 1 3 0 5018 960
0x00007d762f6570c0 0x000000021c95f0c0 0 0 0 0 1 3 0 5018 968
0x00007d762f657140 0x000000021c95f140 0 1 0 0 1 3 0 5018 960
0x00007d762f6571c0 0x000000021c95f1c0 0 1 0 0 1 3 0 5018 968
0x00007d762f657240 0x000000021c95f240 0 0 1 0 1 3 0 5018 960
0x00007d762f6572c0 0x000000021c95f2c0 0 0 1 0 1 3 0 5018 968
0x00007d762f657340 0x000000021c95f340 0 1 1 0 1 3 0 5018 960
0x00007d762f6573c0 0x000000021c95f3c0 0 1 1 0 1 3 0 5018 968
0x00007d762f657440 0x000000021c95f440 0 0 0 0 1 3 0 5018 976
0x00007d762f6574c0 0x000000021c95f4c0 0 0 0 0 1 3 0 5018 984
0x00007d762f657540 0x000000021c95f540 0 1 0 0 1 3 0 5018 976
0x00007d762f6575c0 0x000000021c95f5c0 0 1 0 0 1 3 0 5018 984
0x00007d762f657640 0x000000021c95f640 0 0 1 0 1 3 0 5018 976
0x00007d762f6576c0 0x000000021c95f6c0 0 0 1 0 1 3 0 5018 984
0x00007d762f657740 0x000000021c95f740 0 1 1 0 1 3 0 5018 976
0x00007d762f6577c0 0x000000021c95f7c0 0 1 1 0 1 3 0 5018 984
0x00007d762f657840 0x000000021c95f840 0 0 0 0 1 3 0 5018 992
0x00007d762f6578c0 0x000000021c95f8c0 0 0 0 0 1 3 0 5018 1000
0x00007d762f657940 0x000000021c95f940 0 1 0 0 1 3 0 5018 992
0x00007d762f6579c0 0x000000021c95f9c0 0 1 0 0 1 3 0 5018 1000
0x00007d762f657a40 0x000000021c95fa40 0 0 1 0 1 3 0 5018 992
0x00007d762f657ac0 0x000000021c95fac0 0 0 1 0 1 3 0 5018 1000
0x00007d762f657b40 0x000000021c95fb40 0 1 1 0 1 3 0 5018 992
0x00007d762f657bc0 0x000000021c95fbc0 0 1 1 0 1 3 0 5018 1000
0x00007d762f657c40 0x000000021c95fc40 0 0 0 0 1 3 0 5018 1008
0x00007d762f657cc0 0x000000021c95fcc0 0 0 0 0 1 3 0 5018 1016
0x00007d762f657d40 0x000000021c95fd40 0 1 0 0 1 3 0 5018 1008
0x00007d762f657dc0 0x000000021c95fdc0 0 1 0 0 1 3 0 5018 1016
0x00007d762f657e40 0x000000021c95fe40 0 0 1 0 1 3 0 5018 1008
0x00007d762f657ec0 0x000000021c95fec0 0 0 1 0 1 3 0 5018 1016
0x00007d762f657f40 0x000000021c95ff40 0 1 1 0 1 3 0 5018 1008
0x00007d762f657fc0 0x000000021c95ffc0 0 1 1 0 1 3 0 5018 1016
0x00007d762f658040 0x000000021c955040 0 0 0 0 0 3 0 5018 832
0x00007d762f6580c0 0x000000021c9550c0 0 0 0 0 0 3 0 5018 840
0x00007d762f658140 0x000000021c955140 0 1 0 0 0 3 0 5018 832
0x00007d762f6581c0 0x000000021c9551c0 0 1 0 0 0 3 0 5018 840
0x00007d762f658240 0x000000021c955240 0 0 1 0 0 3 0 5018 832
0x00007d762f6582c0 0x000000021c9552c0 0 0 1 0 0 3 0 5018 840
0x00007d762f658340 0x000000021c955340 0 1 1 0 0 3 0 5018 832
0x00007d762f6583c0 0x000000021c9553c0 0 1 1 0 0 3 0 5018 840
0x00007d762f658440 0x000000021c955440 0 0 0 0 0 3 0 5018 848
0x00007d762f6584c0 0x000000021c9554c0 0 0 0 0 0 3 0 5018 856
0x00007d762f658540 0x000000021c955540 0 1 0 0 0 3 0 5018 848
0x00007d762f6585c0 0x000000021c9555c0 0 1 0 0 0 3 0 5018 856
0x00007d762f658640 0x000000021c955640 0 0 1 0 0 3 0 5018 848
0x00007d762f6586c0 0x000000021c9556c0 0 0 1 0 0 3 0 5018 856
0x00007d762f658740 0x000000021c955740 0 1 1 0 0 3 0 5018 848
0x00007d762f6587c0 0x000000021c9557c0 0 1 1 0 0 3 0 5018 856
0x00007d762f658840 0x000000021c955840 0 0 0 0 0 3 0 5018 864
0x00007d762f6588c0 0x000000021c9558c0 0 0 0 0 0 3 0 5018 872
0x00007d762f658940 0x000000021c955940 0 1 0 0 0 3 0 5018 864
0x00007d762f6589c0 0x000000021c9559c0 0 1 0 0 0 3 0 5018 872
0x00007d762f658a40 0x000000021c955a40 0 0 1 0 0 3 0 5018 864
0x00007d762f658ac0 0x000000021c955ac0 0 0 1 0 0 3 0 5018 872
0x00007d762f658b40 0x000000021c955b40 0 1 1 0 0 3 0 5018 864
0x00007d762f658bc0 0x000000021c955bc0 0 1 1 0 0 3 0 5018 872
0x00007d762f658c40 0x000000021c955c40 0 0 0 0 0 3 0 5018 880
0x00007d762f658cc0 0x000000021c955cc0 0 0 0 0 0 3 0 5018 888
0x00007d762f658d40 0x000000021c955d40 0 1 0 0 0 3 0 5018 880
0x00007d762f658dc0 0x000000021c955dc0 0 1 0 0 0 3 0 5018 888
0x00007d762f658e40 0x000000021c955e40 0 0 1 0 0 3 0 5018 880
0x00007d762f658ec0 0x000000021c955ec0 0 0 1 0 0 3 0 5018 888
0x00007d762f658f40 0x000000021c955f40 0 1 1 0 0 3 0 5018 880
0x00007d762f658fc0 0x000000021c955fc0 0 1 1 0 0 3 0 5018 888
0x00007d762f668040 0x0000000b0d1ec040 0 0 0 0 1 3 0 41399 256
0x00007d762f6680c0 0x0000000b0d1ec0c0 0 0 0 0 1 3 0 41399 264
0x00007d762f668140 0x0000000b0d1ec140 0 1 0 0 1 3 0 41399 256
0x00007d762f6681c0 0x0000000b0d1ec1c0 0 1 0 0 1 3 0 41399 264
0x00007d762f668240 0x0000000b0d1ec240 0 0 1 0 1 3 0 41399 256
0x00007d762f6682c0 0x0000000b0d1ec2c0 0 0 1 0 1 3 0 41399 264
0x00007d762f668340 0x0000000b0d1ec340 0 1 1 0 1 3 0 41399 256
0x00007d762f6683c0 0x0000000b0d1ec3c0 0 1 1 0 1 3 0 41399 264
0x00007d762f668440 0x0000000b0d1ec440 0 0 0 0 1 3 0 41399 272
0x00007d762f6684c0 0x0000000b0d1ec4c0 0 0 0 0 1 3 0 41399 280
0x00007d762f668540 0x0000000b0d1ec540 0 1 0 0 1 3 0 41399 272
0x00007d762f6685c0 0x0000000b0d1ec5c0 0 1 0 0 1 3 0 41399 280
0x00007d762f668640 0x0000000b0d1ec640 0 0 1 0 1 3 0 41399 272
0x00007d762f6686c0 0x0000000b0d1ec6c0 0 0 1 0 1 3 0 41399 280
0x00007d762f668740 0x0000000b0d1ec740 0 1 1 0 1 3 0 41399 272
0x00007d762f6687c0 0x0000000b0d1ec7c0 0 1 1 0 1 3 0 41399 280
0x00007d762f668840 0x0000000b0d1ec840 0 0 0 0 1 3 0 41399 288
0x00007d762f6688c0 0x0000000b0d1ec8c0 0 0 0 0 1 3 0 41399 296
0x00007d762f668940 0x0000000b0d1ec940 0 1 0 0 1 3 0 41399 288
0x00007d762f6689c0 0x0000000b0d1ec9c0 0 1 0 0 1 3 0 41399 296
0x00007d762f668a40 0x0000000b0d1eca40 0 0 1 0 1 3 0 41399 288
0x00007d762f668ac0 0x0000000b0d1ecac0 0 0 1 0 1 3 0 41399 296
0x00007d762f668b40 0x0000000b0d1ecb40 0 1 1 0 1 3 0 41399 288
0x00007d762f668bc0 0x0000000b0d1ecbc0 0 1 1 0 1 3 0 41399 296
0x00007d762f668c40 0x0000000b0d1ecc40 0 0 0 0 1 3 0 41399 304
0x00007d762f668cc0 0x0000000b0d1eccc0 0 0 0 0 1 3 0 41399 312
0x00007d762f668d40 0x0000000b0d1ecd40 0 1 0 0 1 3 0 41399 304
0x00007d762f668dc0 0x0000000b0d1ecdc0 0 1 0 0 1 3 0 41399 312
0x00007d762f668e40 0x0000000b0d1ece40 0 0 1 0 1 3 0 41399 304
0x00007d762f668ec0 0x0000000b0d1ecec0 0 0 1 0 1 3 0 41399 312
0x00007d762f668f40 0x0000000b0d1ecf40 0 1 1 0 1 3 0 41399 304
0x00007d762f668fc0 0x0000000b0d1ecfc0 0 1 1 0 1 3 0 41399 312
0x00007d762f67b040 0x00000005ea97e040 0 0 0 0 1 3 0 23883 896
0x00007d762f67b0c0 0x00000005ea97e0c0 0 0 0 0 1 3 0 23883 904
0x00007d762f67b140 0x00000005ea97e140 0 1 0 0 1 3 0 23883 896
0x00007d762f67b1c0 0x00000005ea97e1c0 0 1 0 0 1 3 0 23883 904
0x00007d762f67b240 0x00000005ea97e240 0 0 1 0 1 3 0 23883 896
0x00007d762f67b2c0 0x00000005ea97e2c0 0 0 1 0 1 3 0 23883 904
0x00007d762f67b340 0x00000005ea97e340 0 1 1 0 1 3 0 23883 896
0x00007d762f67b3c0 0x00000005ea97e3c0 0 1 1 0 1 3 0 23883 904
0x00007d762f67b440 0x00000005ea97e440 0 0 0 0 1 3 0 23883 912
0x00007d762f67b4c0 0x00000005ea97e4c0 0 0 0 0 1 3 0 23883 920
0x00007d762f67b540 0x00000005ea97e540 0 1 0 0 1 3 0 23883 912
0x00007d762f67b5c0 0x00000005ea97e5c0 0 1 0 0 1 3 0 23883 920
0x00007d762f67b640 0x00000005ea97e640 0 0 1 0 1 3 0 23883 912
0x00007d762f67b6c0 0x00000005ea97e6c0 0 0 1 0 1 3 0 23883 920
0x00007d762f67b740 0x00000005ea97e740 0 1 1 0 1 3 0 23883 912
0x00007d762f67b7c0 0x00000005ea97e7c0 0 1 1 0 1 3 0 23883 920
0x00007d762f67b840 0x00000005ea97e840 0 0 0 0 1 3 0 23883 928
0x00007d762f67b8c0 0x00000005ea97e8c0 0 0 0 0 1 3 0 23883 936
0x00007d762f67b940 0x00000005ea97e940 0 1 0 0 1 3 0 23883 928
0x00007d762f67b9c0 0x00000005ea97e9c0 0 1 0 0 1 3 0 23883 936
0x00007d762f67ba40 0x00000005ea97ea40 0 0 1 0 1 3 0 23883 928
0x00007d762f67bac0 0x00000005ea97eac0 0 0 1 0 1 3 0 23883 936
0x00007d762f67bb40 0x00000005ea97eb40 0 1 1 0 1 3 0 23883 928
0x00007d762f67bbc0 0x00000005ea97ebc0 0 1 1 0 1 3 0 23883 936
0x00007d762f67bc40 0x00000005ea97ec40 0 0 0 0 1 3 0 23883 944
0x00007d762f67bcc0 0x00000005ea97ecc0 0 0 0 0 1 3 0 23883 952
0x00007d762f67bd40 0x00000005ea97ed40 0 1 0 0 1 3 0 23883 944
0x00007d762f67bdc0 0x00000005ea97edc0 0 1 0 0 1 3 0 23883 952
0x00007d762f67be40 0x00000005ea97ee40 0 0 1 0 1 3 0 23883 944
0x00007d762f67bec0 0x00000005ea97eec0 0 0 1 0 1 3 0 23883 952
0x00007d762f67bf40 0x00000005ea97ef40 0 1 1 0 1 3 0 23883 944
0x00007d762f67bfc0 0x00000005ea97efc0 0 1 1 0 1 3 0 23883 952
0x00007d762f67d040 0x0000000b0d1e7040 0 0 0 0 0 3 0 41399 448
0x00007d762f67d0c0 0x0000000b0d1e70c0 0 0 0 0 0 3 0 41399 456
0x00007d762f67d140 0x0000000b0d1e7140 0 1 0 0 0 3 0 41399 448
0x00007d762f67d1c0 0x0000000b0d1e71c0 0 1 0 0 0 3 0 41399 456
0x00007d762f67d240 0x0000000b0d1e7240 0 0 1 0 0 3 0 41399 448
0x00007d762f67d2c0 0x0000000b0d1e72c0 0 0 1 0 0 3 0 41399 456
0x00007d762f67d340 0x0000000b0d1e7340 0 1 1 0 0 3 0 41399 448
0x00007d762f67d3c0 0x0000000b0d1e73c0 0 1 1 0 0 3 0 41399 456
0x00007d762f67d440 0x0000000b0d1e7440 0 0 0 0 0 3 0 41399 464
0x00007d762f67d4c0 0x0000000b0d1e74c0 0 0 0 0 0 3 0 41399 472
0x00007d762f67d540 0x0000000b0d1e7540 0 1 0 0 0 3 0 41399 464
0x00007d762f67d5c0 0x0000000b0d1e75c0 0 1 0 0 0 3 0 41399 472
0x00007d762f67d640 0x0000000b0d1e7640 0 0 1 0 0 3 0 41399 464
0x00007d762f67d6c0 0x0000000b0d1e76c0 0 0 1 0 0 3 0 41399 472
0x00007d762f67d740 0x0000000b0d1e7740 0 1 1 0 0 3 0 41399 464
0x00007d762f67d7c0 0x0000000b0d1e77c0 0 1 1 0 0 3 0 41399 472
0x00007d762f67d840 0x0000000b0d1e7840 0 0 0 0 0 3 0 41399 480
0x00007d762f67d8c0 0x0000000b0d1e78c0 0 0 0 0 0 3 0 41399 488
0x00007d762f67d940 0x0000000b0d1e7940 0 1 0 0 0 3 0 41399 480
0x00007d762f67d9c0 0x0000000b0d1e79c0 0 1 0 0 0 3 0 41399 488
0x00007d762f67da40 0x0000000b0d1e7a40 0 0 1 0 0 3 0 41399 480
0x00007d762f67dac0 0x0000000b0d1e7ac0 0 0 1 0 0 3 0 41399 488
0x00007d762f67db40 0x0000000b0d1e7b40 0 1 1 0 0 3 0 41399 480
0x00007d762f67dbc0 0x0000000b0d1e7bc0 0 1 1 0 0 3 0 41399 488
0x00007d762f67dc40 0x0000000b0d1e7c40 0 0 0 0 0 3 0 41399 496
0x00007d762f67dcc0 0x0000000b0d1e7cc0 0 0 0 0 0 3 0 41399 504
0x00007d762f67dd40 0x0000000b0d1e7d40 0 1 0 0 0 3 0 41399 496
0x00007d762f67ddc0 0x0000000b0d1e7dc0 0 1 0 0 0 3 0 41399 504
0x00007d762f67de40 0x0000000b0d1e7e40 0 0 1 0 0 3 0 41399 496
0x00007d762f67dec0 0x0000000b0d1e7ec0 0 0 1 0 0 3 0 41399 504
0x00007d762f67df40 0x0000000b0d1e7f40 0 1 1 0 0 3 0 41399 496
0x00007d762f67dfc0 0x0000000b0d1e7fc0 0 1 1 0 0 3 0 41399 504
0x00007d762f68b040 0x00000005ea97c040 0 0 0 0 1 3 0 23883 768
0x00007d762f68b0c0 0x00000005ea97c0c0 0 0 0 0 1 3 0 23883 776
0x00007d762f68b140 0x00000005ea97c140 0 1 0 0 1 3 0 23883 768
0x00007d762f68b1c0 0x00000005ea97c1c0 0 1 0 0 1 3 0 23883 776
0x00007d762f68b240 0x00000005ea97c240 0 0 1 0 1 3 0 23883 768
0x00007d762f68b2c0 0x00000005ea97c2c0 0 0 1 0 1 3 0 23883 776
0x00007d762f68b340 0x00000005ea97c340 0 1 1 0 1 3 0 23883 768
0x00007d762f68b3c0 0x00000005ea97c3c0 0 1 1 0 1 3 0 23883 776
0x00007d762f68b440 0x00000005ea97c440 0 0 0 0 1 3 0 23883 784
0x00007d762f68b4c0 0x00000005ea97c4c0 0 0 0 0 1 3 0 23883 792
0x00007d762f68b540 0x00000005ea97c540 0 1 0 0 1 3 0 23883 784
0x00007d762f68b5c0 0x00000005ea97c5c0 0 1 0 0 1 3 0 23883 792
0x00007d762f68b640 0x00000005ea97c640 0 0 1 0 1 3 0 23883 784
0x00007d762f68b6c0 0x00000005ea97c6c0 0 0 1 0 1 3 0 23883 792
0x00007d762f68b740 0x00000005ea97c740 0 1 1 0 1 3 0 23883 784
0x00007d762f68b7c0 0x00000005ea97c7c0 0 1 1 0 1 3 0 23883 792
0x00007d762f68b840 0x00000005ea97c840 0 0 0 0 1 3 0 23883 800
0x00007d762f68b8c0 0x00000005ea97c8c0 0 0 0 0 1 3 0 23883 808
0x00007d762f68b940 0x00000005ea97c940 0 1 0 0 1 3 0 23883 800
0x00007d762f68b9c0 0x00000005ea97c9c0 0 1 0 0 1 3 0 23883 808
0x00007d762f68ba40 0x00000005ea97ca40 0 0 1 0 1 3 0 23883 800
0x00007d762f68bac0 0x00000005ea97cac0 0 0 1 0 1 3 0 23883 808
0x00007d762f68bb40 0x00000005ea97cb40 0 1 1 0 1 3 0 23883 800
0x00007d762f68bbc0 0x00000005ea97cbc0 0 1 1 0 1 3 0 23883 808
0x00007d762f68bc40 0x00000005ea97cc40 0 0 0 0 1 3 0 23883 816
0x00007d762f68bcc0 0x00000005ea97ccc0 0 0 0 0 1 3 0 23883 824
0x00007d762f68bd40 0x00000005ea97cd40 0 1 0 0 1 3 0 23883 816
0x00007d762f68bdc0 0x00000005ea97cdc0 0 1 0 0 1 3 0 23883 824
0x00007d762f68be40 0x00000005ea97ce40 0 0 1 0 1 3 0 23883 816
0x00007d762f68bec0 0x00000005ea97cec0 0 0 1 0 1 3 0 23883 824
0x00007d762f68bf40 0x00000005ea97cf40 0 1 1 0 1 3 0 23883 816
0x00007d762f68bfc0 0x00000005ea97cfc0 0 1 1 0 1 3 0 23883 824
0x00007d762f68d040 0x0000000cae91a040 0 0 0 0 1 3 0 50632 640
0x00007d762f68d0c0 0x0000000cae91a0c0 0 0 0 0 1 3 0 50632 648
0x00007d762f68d140 0x0000000cae91a140 0 1 0 0 1 3 0 50632 640
0x00007d762f68d1c0 0x0000000cae91a1c0 0 1 0 0 1 3 0 50632 648
0x00007d762f68d240 0x0000000cae91a240 0 0 1 0 1 3 0 50632 640
0x00007d762f68d2c0 0x0000000cae91a2c0 0 0 1 0 1 3 0 50632 648
0x00007d762f68d340 0x0000000cae91a340 0 1 1 0 1 3 0 50632 640
0x00007d762f68d3c0 0x0000000cae91a3c0 0 1 1 0 1 3 0 50632 648
0x00007d762f68d440 0x0000000cae91a440 0 0 0 0 1 3 0 50632 656
0x00007d762f68d4c0 0x0000000cae91a4c0 0 0 0 0 1 3 0 50632 664
0x00007d762f68d540 0x0000000cae91a540 0 1 0 0 1 3 0 50632 656
0x00007d762f68d5c0 0x0000000cae91a5c0 0 1 0 0 1 3 0 50632 664
0x00007d762f68d640 0x0000000cae91a640 0 0 1 0 1 3 0 50632 656
0x00007d762f68d6c0 0x0000000cae91a6c0 0 0 1 0 1 3 0 50632 664
0x00007d762f68d740 0x0000000cae91a740 0 1 1 0 1 3 0 50632 656
0x00007d762f68d7c0 0x0000000cae91a7c0 0 1 1 0 1 3 0 50632 664
0x00007d762f68d840 0x0000000cae91a840 0 0 0 0 1 3 0 50632 672
0x00007d762f68d8c0 0x0000000cae91a8c0 0 0 0 0 1 3 0 50632 680
0x00007d762f68d940 0x0000000cae91a940 0 1 0 0 1 3 0 50632 672
0x00007d762f68d9c0 0x0000000cae91a9c0 0 1 0 0 1 3 0 50632 680
0x00007d762f68da40 0x0000000cae91aa40 0 0 1 0 1 3 0 50632 672
0x00007d762f68dac0 0x0000000cae91aac0 0 0 1 0 1 3 0 50632 680
0x00007d762f68db40 0x0000000cae91ab40 0 1 1 0 1 3 0 50632 672
0x00007d762f68dbc0 0x0000000cae91abc0 0 1 1 0 1 3 0 50632 680
0x00007d762f68dc40 0x0000000cae91ac40 0 0 0 0 1 3 0 50632 688
0x00007d762f68dcc0 0x0000000cae91acc0 0 0 0 0 1 3 0 50632 696
0x00007d762f68dd40 0x0000000cae91ad40 0 1 0 0 1 3 0 50632 688
0x00007d762f68ddc0 0x0000000cae91adc0 0 1 0 0 1 3 0 50632 696
0x00007d762f68de40 0x0000000cae91ae40 0 0 1 0 1 3 0 50632 688
0x00007d762f68dec0 0x0000000cae91aec0 0 0 1 0 1 3 0 50632 696
0x00007d762f68df40 0x0000000cae91af40 0 1 1 0 1 3 0 50632 688
0x00007d762f68dfc0 0x0000000cae91afc0 0 1 1 0 1 3 0 50632 696
0x00007d762f6a1040 0x0000000cae91c040 0 0 0 0 1 3 0 50632 768
0x00007d762f6a10c0 0x0000000cae91c0c0 0 0 0 0 1 3 0 50632 776
0x00007d762f6a1140 0x0000000cae91c140 0 1 0 0 1 3 0 50632 768
0x00007d762f6a11c0 0x0000000cae91c1c0 0 1 0 0 1 3 0 50632 776
0x00007d762f6a1240 0x0000000cae91c240 0 0 1 0 1 3 0 50632 768
0x00007d762f6a12c0 0x0000000cae91c2c0 0 0 1 0 1 3 0 50632 776
0x00007d762f6a1340 0x0000000cae91c340 0 1 1 0 1 3 0 50632 768
0x00007d762f6a13c0 0x0000000cae91c3c0 0 1 1 0 1 3 0 50632 776
0x00007d762f6a1440 0x0000000cae91c440 0 0 0 0 1 3 0 50632 784
0x00007d762f6a14c0 0x0000000cae91c4c0 0 0 0 0 1 3 0 50632 792
0x00007d762f6a1540 0x0000000cae91c540 0 1 0 0 1 3 0 50632 784
0x00007d762f6a15c0 0x0000000cae91c5c0 0 1 0 0 1 3 0 50632 792
0x00007d762f6a1640 0x0000000cae91c640 0 0 1 0 1 3 0 50632 784
0x00007d762f6a16c0 0x0000000cae91c6c0 0 0 1 0 1 3 0 50632 792
0x00007d762f6a1740 0x0000000cae91c740 0 1 1 0 1 3 0 50632 784
0x00007d762f6a17c0 0x0000000cae91c7c0 0 1 1 0 1 3 0 50632 792
0x00007d762f6a1840 0x0000000cae91c840 0 0 0 0 1 3 0 50632 800
0x00007d762f6a18c0 0x0000000cae91c8c0 0 0 0 0 1 3 0 50632 808
0x00007d762f6a1940 0x0000000cae91c940 0 1 0 0 1 3 0 50632 800
0x00007d762f6a19c0 0x0000000cae91c9c0 0 1 0 0 1 3 0 50632 808
0x00007d762f6a1a40 0x0000000cae91ca40 0 0 1 0 1 3 0 50632 800
0x00007d762f6a1ac0 0x0000000cae91cac0 0 0 1 0 1 3 0 50632 808
0x00007d762f6a1b40 0x0000000cae91cb40 0 1 1 0 1 3 0 50632 800
0x00007d762f6a1bc0 0x0000000cae91cbc0 0 1 1 0 1 3 0 50632 808
0x00007d762f6a1c40 0x0000000cae91cc40 0 0 0 0 1 3 0 50632 816
0x00007d762f6a1cc0 0x0000000cae91ccc0 0 0 0 0 1 3 0 50632 824
0x00007d762f6a1d40 0x0000000cae91cd40 0 1 0 0 1 3 0 50632 816
0x00007d762f6a1dc0 0x0000000cae91cdc0 0 1 0 0 1 3 0 50632 824
0x00007d762f6a1e40 0x0000000cae91ce40 0 0 1 0 1 3 0 50632 816
0x00007d762f6a1ec0 0x0000000cae91cec0 0 0 1 0 1 3 0 50632 824
0x00007d762f6a1f40 0x0000000cae91cf40 0 1 1 0 1 3 0 50632 816
0x00007d762f6a1fc0 0x0000000cae91cfc0 0 1 1 0 1 3 0 50632 824
0x00007d762f6cf040 0x0000000cae91b040 0 0 0 0 1 3 0 50632 704
0x00007d762f6cf0c0 0x0000000cae91b0c0 0 0 0 0 1 3 0 50632 712
0x00007d762f6cf140 0x0000000cae91b140 0 1 0 0 1 3 0 50632 704
0x00007d762f6cf1c0 0x0000000cae91b1c0 0 1 0 0 1 3 0 50632 712
0x00007d762f6cf240 0x0000000cae91b240 0 0 1 0 1 3 0 50632 704
0x00007d762f6cf2c0 0x0000000cae91b2c0 0 0 1 0 1 3 0 50632 712
0x00007d762f6cf340 0x0000000cae91b340 0 1 1 0 1 3 0 50632 704
0x00007d762f6cf3c0 0x0000000cae91b3c0 0 1 1 0 1 3 0 50632 712
0x00007d762f6cf440 0x0000000cae91b440 0 0 0 0 1 3 0 50632 720
0x00007d762f6cf4c0 0x0000000cae91b4c0 0 0 0 0 1 3 0 50632 728
0x00007d762f6cf540 0x0000000cae91b540 0 1 0 0 1 3 0 50632 720
0x00007d762f6cf5c0 0x0000000cae91b5c0 0 1 0 0 1 3 0 50632 728
0x00007d762f6cf640 0x0000000cae91b640 0 0 1 0 1 3 0 50632 720
0x00007d762f6cf6c0 0x0000000cae91b6c0 0 0 1 0 1 3 0 50632 728
0x00007d762f6cf740 0x0000000cae91b740 0 1 1 0 1 3 0 50632 720
0x00007d762f6cf7c0 0x0000000cae91b7c0 0 1 1 0 1 3 0 50632 728
0x00007d762f6cf840 0x0000000cae91b840 0 0 0 0 1 3 0 50632 736
0x00007d762f6cf8c0 0x0000000cae91b8c0 0 0 0 0 1 3 0 50632 744
0x00007d762f6cf940 0x0000000cae91b940 0 1 0 0 1 3 0 50632 736
0x00007d762f6cf9c0 0x0000000cae91b9c0 0 1 0 0 1 3 0 50632 744
0x00007d762f6cfa40 0x0000000cae91ba40 0 0 1 0 1 3 0 50632 736
0x00007d762f6cfac0 0x0000000cae91bac0 0 0 1 0 1 3 0 50632 744
0x00007d762f6cfb40 0x0000000cae91bb40 0 1 1 0 1 3 0 50632 736
0x00007d762f6cfbc0 0x0000000cae91bbc0 0 1 1 0 1 3 0 50632 744
0x00007d762f6cfc40 0x0000000cae91bc40 0 0 0 0 1 3 0 50632 752
0x00007d762f6cfcc0 0x0000000cae91bcc0 0 0 0 0 1 3 0 50632 760
0x00007d762f6cfd40 0x0000000cae91bd40 0 1 0 0 1 3 0 50632 752
0x00007d762f6cfdc0 0x0000000cae91bdc0 0 1 0 0 1 3 0 50632 760
0x00007d762f6cfe40 0x0000000cae91be40 0 0 1 0 1 3 0 50632 752
0x00007d762f6cfec0 0x0000000cae91bec0 0 0 1 0 1 3 0 50632 760
0x00007d762f6cff40 0x0000000cae91bf40 0 1 1 0 1 3 0 50632 752
0x00007d762f6cffc0 0x0000000cae91bfc0 0 1 1 0 1 3 0 50632 760
0x00007d762f709040 0x0000000b0d1ef040 0 0 0 0 1 3 0 41399 448
0x00007d762f7090c0 0x0000000b0d1ef0c0 0 0 0 0 1 3 0 41399 456
0x00007d762f709140 0x0000000b0d1ef140 0 1 0 0 1 3 0 41399 448
0x00007d762f7091c0 0x0000000b0d1ef1c0 0 1 0 0 1 3 0 41399 456
0x00007d762f709240 0x0000000b0d1ef240 0 0 1 0 1 3 0 41399 448
0x00007d762f7092c0 0x0000000b0d1ef2c0 0 0 1 0 1 3 0 41399 456
0x00007d762f709340 0x0000000b0d1ef340 0 1 1 0 1 3 0 41399 448
0x00007d762f7093c0 0x0000000b0d1ef3c0 0 1 1 0 1 3 0 41399 456
0x00007d762f709440 0x0000000b0d1ef440 0 0 0 0 1 3 0 41399 464
0x00007d762f7094c0 0x0000000b0d1ef4c0 0 0 0 0 1 3 0 41399 472
0x00007d762f709540 0x0000000b0d1ef540 0 1 0 0 1 3 0 41399 464
0x00007d762f7095c0 0x0000000b0d1ef5c0 0 1 0 0 1 3 0 41399 472
0x00007d762f709640 0x0000000b0d1ef640 0 0 1 0 1 3 0 41399 464
0x00007d762f7096c0 0x0000000b0d1ef6c0 0 0 1 0 1 3 0 41399 472
0x00007d762f709740 0x0000000b0d1ef740 0 1 1 0 1 3 0 41399 464
0x00007d762f7097c0 0x0000000b0d1ef7c0 0 1 1 0 1 3 0 41399 472
0x00007d762f709840 0x0000000b0d1ef840 0 0 0 0 1 3 0 41399 480
0x00007d762f7098c0 0x0000000b0d1ef8c0 0 0 0 0 1 3 0 41399 488
0x00007d762f709940 0x0000000b0d1ef940 0 1 0 0 1 3 0 41399 480
0x00007d762f7099c0 0x0000000b0d1ef9c0 0 1 0 0 1 3 0 41399 488
0x00007d762f709a40 0x0000000b0d1efa40 0 0 1 0 1 3 0 41399 480
0x00007d762f709ac0 0x0000000b0d1efac0 0 0 1 0 1 3 0 41399 488
0x00007d762f709b40 0x0000000b0d1efb40 0 1 1 0 1 3 0 41399 480
0x00007d762f709bc0 0x0000000b0d1efbc0 0 1 1 0 1 3 0 41399 488
0x00007d762f709c40 0x0000000b0d1efc40 0 0 0 0 1 3 0 41399 496
0x00007d762f709cc0 0x0000000b0d1efcc0 0 0 0 0 1 3 0 41399 504
0x00007d762f709d40 0x0000000b0d1efd40 0 1 0 0 1 3 0 41399 496
0x00007d762f709dc0 0x0000000b0d1efdc0 0 1 0 0 1 3 0 41399 504
0x00007d762f709e40 0x0000000b0d1efe40 0 0 1 0 1 3 0 41399 496
0x00007d762f709ec0 0x0000000b0d1efec0 0 0 1 0 1 3 0 41399 504
0x00007d762f709f40 0x0000000b0d1eff40 0 1 1 0 1 3 0 41399 496
0x00007d762f709fc0 0x0000000b0d1effc0 0 1 1 0 1 3 0 41399 504
0x00007d762f73f040 0x0000000cae911040 0 0 0 0 0 3 0 50632 576
0x00007d762f73f0c0 0x0000000cae9110c0 0 0 0 0 0 3 0 50632 584
0x00007d762f73f140 0x0000000cae911140 0 1 0 0 0 3 0 50632 576
0x00007d762f73f1c0 0x0000000cae9111c0 0 1 0 0 0 3 0 50632 584
0x00007d762f73f240 0x0000000cae911240 0 0 1 0 0 3 0 50632 576
0x00007d762f73f2c0 0x0000000cae9112c0 0 0 1 0 0 3 0 50632 584
0x00007d762f73f340 0x0000000cae911340 0 1 1 0 0 3 0 50632 576
0x00007d762f73f3c0 0x0000000cae9113c0 0 1 1 0 0 3 0 50632 584
0x00007d762f73f440 0x0000000cae911440 0 0 0 0 0 3 0 50632 592
0x00007d762f73f4c0 0x0000000cae9114c0 0 0 0 0 0 3 0 50632 600
0x00007d762f73f540 0x0000000cae911540 0 1 0 0 0 3 0 50632 592
0x00007d762f73f5c0 0x0000000cae9115c0 0 1 0 0 0 3 0 50632 600
0x00007d762f73f640 0x0000000cae911640 0 0 1 0 0 3 0 50632 592
0x00007d762f73f6c0 0x0000000cae9116c0 0 0 1 0 0 3 0 50632 600
0x00007d762f73f740 0x0000000cae911740 0 1 1 0 0 3 0 50632 592
0x00007d762f73f7c0 0x0000000cae9117c0 0 1 1 0 0 3 0 50632 600
0x00007d762f73f840 0x0000000cae911840 0 0 0 0 0 3 0 50632 608
0x00007d762f73f8c0 0x0000000cae9118c0 0 0 0 0 0 3 0 50632 616
0x00007d762f73f940 0x0000000cae911940 0 1 0 0 0 3 0 50632 608
0x00007d762f73f9c0 0x0000000cae9119c0 0 1 0 0 0 3 0 50632 616
0x00007d762f73fa40 0x0000000cae911a40 0 0 1 0 0 3 0 50632 608
0x00007d762f73fac0 0x0000000cae911ac0 0 0 1 0 0 3 0 50632 616
0x00007d762f73fb40 0x0000000cae911b40 0 1 1 0 0 3 0 50632 608
0x00007d762f73fbc0 0x0000000cae911bc0 0 1 1 0 0 3 0 50632 616
0x00007d762f73fc40 0x0000000cae911c40 0 0 0 0 0 3 0 50632 624
0x00007d762f73fcc0 0x0000000cae911cc0 0 0 0 0 0 3 0 50632 632
0x00007d762f73fd40 0x0000000cae911d40 0 1 0 0 0 3 0 50632 624
0x00007d762f73fdc0 0x0000000cae911dc0 0 1 0 0 0 3 0 50632 632
0x00007d762f73fe40 0x0000000cae911e40 0 0 1 0 0 3 0 50632 624
0x00007d762f73fec0 0x0000000cae911ec0 0 0 1 0 0 3 0 50632 632
0x00007d762f73ff40 0x0000000cae911f40 0 1 1 0 0 3 0 50632 624
0x00007d762f73ffc0 0x0000000cae911fc0 0 1 1 0 0 3 0 50632 632
0x00007d762f744040 0x0000000b4a9b4040 0 0 0 0 0 3 0 43357 768
0x00007d762f7440c0 0x0000000b4a9b40c0 0 0 0 0 0 3 0 43357 776
0x00007d762f744140 0x0000000b4a9b4140 0 1 0 0 0 3 0 43357 768
0x00007d762f7441c0 0x0000000b4a9b41c0 0 1 0 0 0 3 0 43357 776
0x00007d762f744240 0x0000000b4a9b4240 0 0 1 0 0 3 0 43357 768
0x00007d762f7442c0 0x0000000b4a9b42c0 0 0 1 0 0 3 0 43357 776
0x00007d762f744340 0x0000000b4a9b4340 0 1 1 0 0 3 0 43357 768
0x00007d762f7443c0 0x0000000b4a9b43c0 0 1 1 0 0 3 0 43357 776
0x00007d762f744440 0x0000000b4a9b4440 0 0 0 0 0 3 0 43357 784
0x00007d762f7444c0 0x0000000b4a9b44c0 0 0 0 0 0 3 0 43357 792
0x00007d762f744540 0x0000000b4a9b4540 0 1 0 0 0 3 0 43357 784
0x00007d762f7445c0 0x0000000b4a9b45c0 0 1 0 0 0 3 0 43357 792
0x00007d762f744640 0x0000000b4a9b4640 0 0 1 0 0 3 0 43357 784
0x00007d762f7446c0 0x0000000b4a9b46c0 0 0 1 0 0 3 0 43357 792
0x00007d762f744740 0x0000000b4a9b4740 0 1 1 0 0 3 0 43357 784
0x00007d762f7447c0 0x0000000b4a9b47c0 0 1 1 0 0 3 0 43357 792
0x00007d762f744840 0x0000000b4a9b4840 0 0 0 0 0 3 0 43357 800
0x00007d762f7448c0 0x0000000b4a9b48c0 0 0 0 0 0 3 0 43357 808
0x00007d762f744940 0x0000000b4a9b4940 0 1 0 0 0 3 0 43357 800
0x00007d762f7449c0 0x0000000b4a9b49c0 0 1 0 0 0 3 0 43357 808
0x00007d762f744a40 0x0000000b4a9b4a40 0 0 1 0 0 3 0 43357 800
0x00007d762f744ac0 0x0000000b4a9b4ac0 0 0 1 0 0 3 0 43357 808
0x00007d762f744b40 0x0000000b4a9b4b40 0 1 1 0 0 3 0 43357 800
0x00007d762f744bc0 0x0000000b4a9b4bc0 0 1 1 0 0 3 0 43357 808
0x00007d762f744c40 0x0000000b4a9b4c40 0 0 0 0 0 3 0 43357 816
0x00007d762f744cc0 0x0000000b4a9b4cc0 0 0 0 0 0 3 0 43357 824
0x00007d762f744d40 0x0000000b4a9b4d40 0 1 0 0 0 3 0 43357 816
0x00007d762f744dc0 0x0000000b4a9b4dc0 0 1 0 0 0 3 0 43357 824
0x00007d762f744e40 0x0000000b4a9b4e40 0 0 1 0 0 3 0 43357 816
0x00007d762f744ec0 0x0000000b4a9b4ec0 0 0 1 0 0 3 0 43357 824
0x00007d762f744f40 0x0000000b4a9b4f40 0 1 1 0 0 3 0 43357 816
0x00007d762f744fc0 0x0000000b4a9b4fc0 0 1 1 0 0 3 0 43357 824
0x00007d762f747040 0x0000000b0d1e9040 0 0 0 0 1 3 0 41399 64
0x00007d762f7470c0 0x0000000b0d1e90c0 0 0 0 0 1 3 0 41399 72
0x00007d762f747140 0x0000000b0d1e9140 0 1 0 0 1 3 0 41399 64
0x00007d762f7471c0 0x0000000b0d1e91c0 0 1 0 0 1 3 0 41399 72
0x00007d762f747240 0x0000000b0d1e9240 0 0 1 0 1 3 0 41399 64
0x00007d762f7472c0 0x0000000b0d1e92c0 0 0 1 0 1 3 0 41399 72
0x00007d762f747340 0x0000000b0d1e9340 0 1 1 0 1 3 0 41399 64
0x00007d762f7473c0 0x0000000b0d1e93c0 0 1 1 0 1 3 0 41399 72
0x00007d762f747440 0x0000000b0d1e9440 0 0 0 0 1 3 0 41399 80
0x00007d762f7474c0 0x0000000b0d1e94c0 0 0 0 0 1 3 0 41399 88
0x00007d762f747540 0x0000000b0d1e9540 0 1 0 0 1 3 0 41399 80
0x00007d762f7475c0 0x0000000b0d1e95c0 0 1 0 0 1 3 0 41399 88
0x00007d762f747640 0x0000000b0d1e9640 0 0 1 0 1 3 0 41399 80
0x00007d762f7476c0 0x0000000b0d1e96c0 0 0 1 0 1 3 0 41399 88
0x00007d762f747740 0x0000000b0d1e9740 0 1 1 0 1 3 0 41399 80
0x00007d762f7477c0 0x0000000b0d1e97c0 0 1 1 0 1 3 0 41399 88
0x00007d762f747840 0x0000000b0d1e9840 0 0 0 0 1 3 0 41399 96
0x00007d762f7478c0 0x0000000b0d1e98c0 0 0 0 0 1 3 0 41399 104
0x00007d762f747940 0x0000000b0d1e9940 0 1 0 0 1 3 0 41399 96
0x00007d762f7479c0 0x0000000b0d1e99c0 0 1 0 0 1 3 0 41399 104
0x00007d762f747a40 0x0000000b0d1e9a40 0 0 1 0 1 3 0 41399 96
0x00007d762f747ac0 0x0000000b0d1e9ac0 0 0 1 0 1 3 0 41399 104
0x00007d762f747b40 0x0000000b0d1e9b40 0 1 1 0 1 3 0 41399 96
0x00007d762f747bc0 0x0000000b0d1e9bc0 0 1 1 0 1 3 0 41399 104
0x00007d762f747c40 0x0000000b0d1e9c40 0 0 0 0 1 3 0 41399 112
0x00007d762f747cc0 0x0000000b0d1e9cc0 0 0 0 0 1 3 0 41399 120
0x00007d762f747d40 0x0000000b0d1e9d40 0 1 0 0 1 3 0 41399 112
0x00007d762f747dc0 0x0000000b0d1e9dc0 0 1 0 0 1 3 0 41399 120
0x00007d762f747e40 0x0000000b0d1e9e40 0 0 1 0 1 3 0 41399 112
0x00007d762f747ec0 0x0000000b0d1e9ec0 0 0 1 0 1 3 0 41399 120
0x00007d762f747f40 0x0000000b0d1e9f40 0 1 1 0 1 3 0 41399 112
0x00007d762f747fc0 0x0000000b0d1e9fc0 0 1 1 0 1 3 0 41399 120
0x00007d762f753040 0x000000021c954040 0 0 0 0 0 3 0 5018 768
0x00007d762f7530c0 0x000000021c9540c0 0 0 0 0 0 3 0 5018 776
0x00007d762f753140 0x000000021c954140 0 1 0 0 0 3 0 5018 768
0x00007d762f7531c0 0x000000021c9541c0 0 1 0 0 0 3 0 5018 776
0x00007d762f753240 0x000000021c954240 0 0 1 0 0 3 0 5018 768
0x00007d762f7532c0 0x000000021c9542c0 0 0 1 0 0 3 0 5018 776
0x00007d762f753340 0x000000021c954340 0 1 1 0 0 3 0 5018 768
0x00007d762f7533c0 0x000000021c9543c0 0 1 1 0 0 3 0 5018 776
0x00007d762f753440 0x000000021c954440 0 0 0 0 0 3 0 5018 784
0x00007d762f7534c0 0x000000021c9544c0 0 0 0 0 0 3 0 5018 792
0x00007d762f753540 0x000000021c954540 0 1 0 0 0 3 0 5018 784
0x00007d762f7535c0 0x000000021c9545c0 0 1 0 0 0 3 0 5018 792
0x00007d762f753640 0x000000021c954640 0 0 1 0 0 3 0 5018 784
0x00007d762f7536c0 0x000000021c9546c0 0 0 1 0 0 3 0 5018 792
0x00007d762f753740 0x000000021c954740 0 1 1 0 0 3 0 5018 784
0x00007d762f7537c0 0x000000021c9547c0 0 1 1 0 0 3 0 5018 792
0x00007d762f753840 0x000000021c954840 0 0 0 0 0 3 0 5018 800
0x00007d762f7538c0 0x000000021c9548c0 0 0 0 0 0 3 0 5018 808
0x00007d762f753940 0x000000021c954940 0 1 0 0 0 3 0 5018 800
0x00007d762f7539c0 0x000000021c9549c0 0 1 0 0 0 3 0 5018 808
0x00007d762f753a40 0x000000021c954a40 0 0 1 0 0 3 0 5018 800
0x00007d762f753ac0 0x000000021c954ac0 0 0 1 0 0 3 0 5018 808
0x00007d762f753b40 0x000000021c954b40 0 1 1 0 0 3 0 5018 800
0x00007d762f753bc0 0x000000021c954bc0 0 1 1 0 0 3 0 5018 808
0x00007d762f753c40 0x000000021c954c40 0 0 0 0 0 3 0 5018 816
0x00007d762f753cc0 0x000000021c954cc0 0 0 0 0 0 3 0 5018 824
0x00007d762f753d40 0x000000021c954d40 0 1 0 0 0 3 0 5018 816
0x00007d762f753dc0 0x000000021c954dc0 0 1 0 0 0 3 0 5018 824
0x00007d762f753e40 0x000000021c954e40 0 0 1 0 0 3 0 5018 816
0x00007d762f753ec0 0x000000021c954ec0 0 0 1 0 0 3 0 5018 824
0x00007d762f753f40 0x000000021c954f40 0 1 1 0 0 3 0 5018 816
0x00007d762f753fc0 0x000000021c954fc0 0 1 1 0 0 3 0 5018 824
0x00007d762f75e040 0x0000000b0d1e3040 0 0 0 0 0 3 0 41399 192
0x00007d762f75e0c0 0x0000000b0d1e30c0 0 0 0 0 0 3 0 41399 200
0x00007d762f75e140 0x0000000b0d1e3140 0 1 0 0 0 3 0 41399 192
0x00007d762f75e1c0 0x0000000b0d1e31c0 0 1 0 0 0 3 0 41399 200
0x00007d762f75e240 0x0000000b0d1e3240 0 0 1 0 0 3 0 41399 192
0x00007d762f75e2c0 0x0000000b0d1e32c0 0 0 1 0 0 3 0 41399 200
0x00007d762f75e340 0x0000000b0d1e3340 0 1 1 0 0 3 0 41399 192
0x00007d762f75e3c0 0x0000000b0d1e33c0 0 1 1 0 0 3 0 41399 200
0x00007d762f75e440 0x0000000b0d1e3440 0 0 0 0 0 3 0 41399 208
0x00007d762f75e4c0 0x0000000b0d1e34c0 0 0 0 0 0 3 0 41399 216
0x00007d762f75e540 0x0000000b0d1e3540 0 1 0 0 0 3 0 41399 208
0x00007d762f75e5c0 0x0000000b0d1e35c0 0 1 0 0 0 3 0 41399 216
0x00007d762f75e640 0x0000000b0d1e3640 0 0 1 0 0 3 0 41399 208
0x00007d762f75e6c0 0x0000000b0d1e36c0 0 0 1 0 0 3 0 41399 216
0x00007d762f75e740 0x0000000b0d1e3740 0 1 1 0 0 3 0 41399 208
0x00007d762f75e7c0 0x0000000b0d1e37c0 0 1 1 0 0 3 0 41399 216
0x00007d762f75e840 0x0000000b0d1e3840 0 0 0 0 0 3 0 41399 224
0x00007d762f75e8c0 0x0000000b0d1e38c0 0 0 0 0 0 3 0 41399 232
0x00007d762f75e940 0x0000000b0d1e3940 0 1 0 0 0 3 0 41399 224
0x00007d762f75e9c0 0x0000000b0d1e39c0 0 1 0 0 0 3 0 41399 232
0x00007d762f75ea40 0x0000000b0d1e3a40 0 0 1 0 0 3 0 41399 224
0x00007d762f75eac0 0x0000000b0d1e3ac0 0 0 1 0 0 3 0 41399 232
0x00007d762f75eb40 0x0000000b0d1e3b40 0 1 1 0 0 3 0 41399 224
0x00007d762f75ebc0 0x0000000b0d1e3bc0 0 1 1 0 0 3 0 41399 232
0x00007d762f75ec40 0x0000000b0d1e3c40 0 0 0 0 0 3 0 41399 240
0x00007d762f75ecc0 0x0000000b0d1e3cc0 0 0 0 0 0 3 0 41399 248
0x00007d762f75ed40 0x0000000b0d1e3d40 0 1 0 0 0 3 0 41399 240
0x00007d762f75edc0 0x0000000b0d1e3dc0 0 1 0 0 0 3 0 41399 248
0x00007d762f75ee40 0x0000000b0d1e3e40 0 0 1 0 0 3 0 41399 240
0x00007d762f75eec0 0x0000000b0d1e3ec0 0 0 1 0 0 3 0 41399 248
0x00007d762f75ef40 0x0000000b0d1e3f40 0 1 1 0 0 3 0 41399 240
0x00007d762f75efc0 0x0000000b0d1e3fc0 0 1 1 0 0 3 0 41399 248
0x00007d762f75f040 0x0000000b0d1ee040 0 0 0 0 1 3 0 41399 384
0x00007d762f75f0c0 0x0000000b0d1ee0c0 0 0 0 0 1 3 0 41399 392
0x00007d762f75f140 0x0000000b0d1ee140 0 1 0 0 1 3 0 41399 384
0x00007d762f75f1c0 0x0000000b0d1ee1c0 0 1 0 0 1 3 0 41399 392
0x00007d762f75f240 0x0000000b0d1ee240 0 0 1 0 1 3 0 41399 384
0x00007d762f75f2c0 0x0000000b0d1ee2c0 0 0 1 0 1 3 0 41399 392
0x00007d762f75f340 0x0000000b0d1ee340 0 1 1 0 1 3 0 41399 384
0x00007d762f75f3c0 0x0000000b0d1ee3c0 0 1 1 0 1 3 0 41399 392
0x00007d762f75f440 0x0000000b0d1ee440 0 0 0 0 1 3 0 41399 400
0x00007d762f75f4c0 0x0000000b0d1ee4c0 0 0 0 0 1 3 0 41399 408
0x00007d762f75f540 0x0000000b0d1ee540 0 1 0 0 1 3 0 41399 400
0x00007d762f75f5c0 0x0000000b0d1ee5c0 0 1 0 0 1 3 0 41399 408
0x00007d762f75f640 0x0000000b0d1ee640 0 0 1 0 1 3 0 41399 400
0x00007d762f75f6c0 0x0000000b0d1ee6c0 0 0 1 0 1 3 0 41399 408
0x00007d762f75f740 0x0000000b0d1ee740 0 1 1 0 1 3 0 41399 400
0x00007d762f75f7c0 0x0000000b0d1ee7c0 0 1 1 0 1 3 0 41399 408
0x00007d762f75f840 0x0000000b0d1ee840 0 0 0 0 1 3 0 41399 416
0x00007d762f75f8c0 0x0000000b0d1ee8c0 0 0 0 0 1 3 0 41399 424
0x00007d762f75f940 0x0000000b0d1ee940 0 1 0 0 1 3 0 41399 416
0x00007d762f75f9c0 0x0000000b0d1ee9c0 0 1 0 0 1 3 0 41399 424
0x00007d762f75fa40 0x0000000b0d1eea40 0 0 1 0 1 3 0 41399 416
0x00007d762f75fac0 0x0000000b0d1eeac0 0 0 1 0 1 3 0 41399 424
0x00007d762f75fb40 0x0000000b0d1eeb40 0 1 1 0 1 3 0 41399 416
0x00007d762f75fbc0 0x0000000b0d1eebc0 0 1 1 0 1 3 0 41399 424
0x00007d762f75fc40 0x0000000b0d1eec40 0 0 0 0 1 3 0 41399 432
0x00007d762f75fcc0 0x0000000b0d1eecc0 0 0 0 0 1 3 0 41399 440
0x00007d762f75fd40 0x0000000b0d1eed40 0 1 0 0 1 3 0 41399 432
0x00007d762f75fdc0 0x0000000b0d1eedc0 0 1 0 0 1 3 0 41399 440
0x00007d762f75fe40 0x0000000b0d1eee40 0 0 1 0 1 3 0 41399 432
0x00007d762f75fec0 0x0000000b0d1eeec0 0 0 1 0 1 3 0 41399 440
0x00007d762f75ff40 0x0000000b0d1eef40 0 1 1 0 1 3 0 41399 432
0x00007d762f75ffc0 0x0000000b0d1eefc0 0 1 1 0 1 3 0 41399 440
0x00007d762f768040 0x0000000cae91d040 0 0 0 0 1 3 0 50632 832
0x00007d762f7680c0 0x0000000cae91d0c0 0 0 0 0 1 3 0 50632 840
0x00007d762f768140 0x0000000cae91d140 0 1 0 0 1 3 0 50632 832
0x00007d762f7681c0 0x0000000cae91d1c0 0 1 0 0 1 3 0 50632 840
0x00007d762f768240 0x0000000cae91d240 0 0 1 0 1 3 0 50632 832
0x00007d762f7682c0 0x0000000cae91d2c0 0 0 1 0 1 3 0 50632 840
0x00007d762f768340 0x0000000cae91d340 0 1 1 0 1 3 0 50632 832
0x00007d762f7683c0 0x0000000cae91d3c0 0 1 1 0 1 3 0 50632 840
0x00007d762f768440 0x0000000cae91d440 0 0 0 0 1 3 0 50632 848
0x00007d762f7684c0 0x0000000cae91d4c0 0 0 0 0 1 3 0 50632 856
0x00007d762f768540 0x0000000cae91d540 0 1 0 0 1 3 0 50632 848
0x00007d762f7685c0 0x0000000cae91d5c0 0 1 0 0 1 3 0 50632 856
0x00007d762f768640 0x0000000cae91d640 0 0 1 0 1 3 0 50632 848
0x00007d762f7686c0 0x0000000cae91d6c0 0 0 1 0 1 3 0 50632 856
0x00007d762f768740 0x0000000cae91d740 0 1 1 0 1 3 0 50632 848
0x00007d762f7687c0 0x0000000cae91d7c0 0 1 1 0 1 3 0 50632 856
0x00007d762f768840 0x0000000cae91d840 0 0 0 0 1 3 0 50632 864
0x00007d762f7688c0 0x0000000cae91d8c0 0 0 0 0 1 3 0 50632 872
0x00007d762f768940 0x0000000cae91d940 0 1 0 0 1 3 0 50632 864
0x00007d762f7689c0 0x0000000cae91d9c0 0 1 0 0 1 3 0 50632 872
0x00007d762f768a40 0x0000000cae91da40 0 0 1 0 1 3 0 50632 864
0x00007d762f768ac0 0x0000000cae91dac0 0 0 1 0 1 3 0 50632 872
0x00007d762f768b40 0x0000000cae91db40 0 1 1 0 1 3 0 50632 864
0x00007d762f768bc0 0x0000000cae91dbc0 0 1 1 0 1 3 0 50632 872
0x00007d762f768c40 0x0000000cae91dc40 0 0 0 0 1 3 0 50632 880
0x00007d762f768cc0 0x0000000cae91dcc0 0 0 0 0 1 3 0 50632 888
0x00007d762f768d40 0x0000000cae91dd40 0 1 0 0 1 3 0 50632 880
0x00007d762f768dc0 0x0000000cae91ddc0 0 1 0 0 1 3 0 50632 888
0x00007d762f768e40 0x0000000cae91de40 0 0 1 0 1 3 0 50632 880
0x00007d762f768ec0 0x0000000cae91dec0 0 0 1 0 1 3 0 50632 888
0x00007d762f768f40 0x0000000cae91df40 0 1 1 0 1 3 0 50632 880
0x00007d762f768fc0 0x0000000cae91dfc0 0 1 1 0 1 3 0 50632 888
0x00007d762f772040 0x000000080391c040 0 0 0 0 1 3 0 28792 768
0x00007d762f7720c0 0x000000080391c0c0 0 0 0 0 1 3 0 28792 776
0x00007d762f772140 0x000000080391c140 0 1 0 0 1 3 0 28792 768
0x00007d762f7721c0 0x000000080391c1c0 0 1 0 0 1 3 0 28792 776
0x00007d762f772240 0x000000080391c240 0 0 1 0 1 3 0 28792 768
0x00007d762f7722c0 0x000000080391c2c0 0 0 1 0 1 3 0 28792 776
0x00007d762f772340 0x000000080391c340 0 1 1 0 1 3 0 28792 768
0x00007d762f7723c0 0x000000080391c3c0 0 1 1 0 1 3 0 28792 776
0x00007d762f772440 0x000000080391c440 0 0 0 0 1 3 0 28792 784
0x00007d762f7724c0 0x000000080391c4c0 0 0 0 0 1 3 0 28792 792
0x00007d762f772540 0x000000080391c540 0 1 0 0 1 3 0 28792 784
0x00007d762f7725c0 0x000000080391c5c0 0 1 0 0 1 3 0 28792 792
0x00007d762f772640 0x000000080391c640 0 0 1 0 1 3 0 28792 784
0x00007d762f7726c0 0x000000080391c6c0 0 0 1 0 1 3 0 28792 792
0x00007d762f772740 0x000000080391c740 0 1 1 0 1 3 0 28792 784
0x00007d762f7727c0 0x000000080391c7c0 0 1 1 0 1 3 0 28792 792
0x00007d762f772840 0x000000080391c840 0 0 0 0 1 3 0 28792 800
0x00007d762f7728c0 0x000000080391c8c0 0 0 0 0 1 3 0 28792 808
0x00007d762f772940 0x000000080391c940 0 1 0 0 1 3 0 28792 800
0x00007d762f7729c0 0x000000080391c9c0 0 1 0 0 1 3 0 28792 808
0x00007d762f772a40 0x000000080391ca40 0 0 1 0 1 3 0 28792 800
0x00007d762f772ac0 0x000000080391cac0 0 0 1 0 1 3 0 28792 808
0x00007d762f772b40 0x000000080391cb40 0 1 1 0 1 3 0 28792 800
0x00007d762f772bc0 0x000000080391cbc0 0 1 1 0 1 3 0 28792 808
0x00007d762f772c40 0x000000080391cc40 0 0 0 0 1 3 0 28792 816
0x00007d762f772cc0 0x000000080391ccc0 0 0 0 0 1 3 0 28792 824
0x00007d762f772d40 0x000000080391cd40 0 1 0 0 1 3 0 28792 816
0x00007d762f772dc0 0x000000080391cdc0 0 1 0 0 1 3 0 28792 824
0x00007d762f772e40 0x000000080391ce40 0 0 1 0 1 3 0 28792 816
0x00007d762f772ec0 0x000000080391cec0 0 0 1 0 1 3 0 28792 824
0x00007d762f772f40 0x000000080391cf40 0 1 1 0 1 3 0 28792 816
0x00007d762f772fc0 0x000000080391cfc0 0 1 1 0 1 3 0 28792 824
0x00007d762f775040 0x0000000b0d1e2040 0 0 0 0 0 3 0 41399 128
0x00007d762f7750c0 0x0000000b0d1e20c0 0 0 0 0 0 3 0 41399 136
0x00007d762f775140 0x0000000b0d1e2140 0 1 0 0 0 3 0 41399 128
0x00007d762f7751c0 0x0000000b0d1e21c0 0 1 0 0 0 3 0 41399 136
0x00007d762f775240 0x0000000b0d1e2240 0 0 1 0 0 3 0 41399 128
0x00007d762f7752c0 0x0000000b0d1e22c0 0 0 1 0 0 3 0 41399 136
0x00007d762f775340 0x0000000b0d1e2340 0 1 1 0 0 3 0 41399 128
0x00007d762f7753c0 0x0000000b0d1e23c0 0 1 1 0 0 3 0 41399 136
0x00007d762f775440 0x0000000b0d1e2440 0 0 0 0 0 3 0 41399 144
0x00007d762f7754c0 0x0000000b0d1e24c0 0 0 0 0 0 3 0 41399 152
0x00007d762f775540 0x0000000b0d1e2540 0 1 0 0 0 3 0 41399 144
0x00007d762f7755c0 0x0000000b0d1e25c0 0 1 0 0 0 3 0 41399 152
0x00007d762f775640 0x0000000b0d1e2640 0 0 1 0 0 3 0 41399 144
0x00007d762f7756c0 0x0000000b0d1e26c0 0 0 1 0 0 3 0 41399 152
0x00007d762f775740 0x0000000b0d1e2740 0 1 1 0 0 3 0 41399 144
0x00007d762f7757c0 0x0000000b0d1e27c0 0 1 1 0 0 3 0 41399 152
0x00007d762f775840 0x0000000b0d1e2840 0 0 0 0 0 3 0 41399 160
0x00007d762f7758c0 0x0000000b0d1e28c0 0 0 0 0 0 3 0 41399 168
0x00007d762f775940 0x0000000b0d1e2940 0 1 0 0 0 3 0 41399 160
0x00007d762f7759c0 0x0000000b0d1e29c0 0 1 0 0 0 3 0 41399 168
0x00007d762f775a40 0x0000000b0d1e2a40 0 0 1 0 0 3 0 41399 160
0x00007d762f775ac0 0x0000000b0d1e2ac0 0 0 1 0 0 3 0 41399 168
0x00007d762f775b40 0x0000000b0d1e2b40 0 1 1 0 0 3 0 41399 160
0x00007d762f775bc0 0x0000000b0d1e2bc0 0 1 1 0 0 3 0 41399 168
0x00007d762f775c40 0x0000000b0d1e2c40 0 0 0 0 0 3 0 41399 176
0x00007d762f775cc0 0x0000000b0d1e2cc0 0 0 0 0 0 3 0 41399 184
0x00007d762f775d40 0x0000000b0d1e2d40 0 1 0 0 0 3 0 41399 176
0x00007d762f775dc0 0x0000000b0d1e2dc0 0 1 0 0 0 3 0 41399 184
0x00007d762f775e40 0x0000000b0d1e2e40 0 0 1 0 0 3 0 41399 176
0x00007d762f775ec0 0x0000000b0d1e2ec0 0 0 1 0 0 3 0 41399 184
0x00007d762f775f40 0x0000000b0d1e2f40 0 1 1 0 0 3 0 41399 176
0x00007d762f775fc0 0x0000000b0d1e2fc0 0 1 1 0 0 3 0 41399 184
0x00007d762f79b040 0x0000000cae918040 0 0 0 0 1 3 0 50632 512
0x00007d762f79b0c0 0x0000000cae9180c0 0 0 0 0 1 3 0 50632 520
0x00007d762f79b140 0x0000000cae918140 0 1 0 0 1 3 0 50632 512
0x00007d762f79b1c0 0x0000000cae9181c0 0 1 0 0 1 3 0 50632 520
0x00007d762f79b240 0x0000000cae918240 0 0 1 0 1 3 0 50632 512
0x00007d762f79b2c0 0x0000000cae9182c0 0 0 1 0 1 3 0 50632 520
0x00007d762f79b340 0x0000000cae918340 0 1 1 0 1 3 0 50632 512
0x00007d762f79b3c0 0x0000000cae9183c0 0 1 1 0 1 3 0 50632 520
0x00007d762f79b440 0x0000000cae918440 0 0 0 0 1 3 0 50632 528
0x00007d762f79b4c0 0x0000000cae9184c0 0 0 0 0 1 3 0 50632 536
0x00007d762f79b540 0x0000000cae918540 0 1 0 0 1 3 0 50632 528
0x00007d762f79b5c0 0x0000000cae9185c0 0 1 0 0 1 3 0 50632 536
0x00007d762f79b640 0x0000000cae918640 0 0 1 0 1 3 0 50632 528
0x00007d762f79b6c0 0x0000000cae9186c0 0 0 1 0 1 3 0 50632 536
0x00007d762f79b740 0x0000000cae918740 0 1 1 0 1 3 0 50632 528
0x00007d762f79b7c0 0x0000000cae9187c0 0 1 1 0 1 3 0 50632 536
0x00007d762f79b840 0x0000000cae918840 0 0 0 0 1 3 0 50632 544
0x00007d762f79b8c0 0x0000000cae9188c0 0 0 0 0 1 3 0 50632 552
0x00007d762f79b940 0x0000000cae918940 0 1 0 0 1 3 0 50632 544
0x00007d762f79b9c0 0x0000000cae9189c0 0 1 0 0 1 3 0 50632 552
0x00007d762f79ba40 0x0000000cae918a40 0 0 1 0 1 3 0 50632 544
0x00007d762f79bac0 0x0000000cae918ac0 0 0 1 0 1 3 0 50632 552
0x00007d762f79bb40 0x0000000cae918b40 0 1 1 0 1 3 0 50632 544
0x00007d762f79bbc0 0x0000000cae918bc0 0 1 1 0 1 3 0 50632 552
0x00007d762f79bc40 0x0000000cae918c40 0 0 0 0 1 3 0 50632 560
0x00007d762f79bcc0 0x0000000cae918cc0 0 0 0 0 1 3 0 50632 568
0x00007d762f79bd40 0x0000000cae918d40 0 1 0 0 1 3 0 50632 560
0x00007d762f79bdc0 0x0000000cae918dc0 0 1 0 0 1 3 0 50632 568
0x00007d762f79be40 0x0000000cae918e40 0 0 1 0 1 3 0 50632 560
0x00007d762f79bec0 0x0000000cae918ec0 0 0 1 0 1 3 0 50632 568
0x00007d762f79bf40 0x0000000cae918f40 0 1 1 0 1 3 0 50632 560
0x00007d762f79bfc0 0x0000000cae918fc0 0 1 1 0 1 3 0 50632 568
0x00007d762f7a4040 0x0000000cae910040 0 0 0 0 0 3 0 50632 512
0x00007d762f7a40c0 0x0000000cae9100c0 0 0 0 0 0 3 0 50632 520
0x00007d762f7a4140 0x0000000cae910140 0 1 0 0 0 3 0 50632 512
0x00007d762f7a41c0 0x0000000cae9101c0 0 1 0 0 0 3 0 50632 520
0x00007d762f7a4240 0x0000000cae910240 0 0 1 0 0 3 0 50632 512
0x00007d762f7a42c0 0x0000000cae9102c0 0 0 1 0 0 3 0 50632 520
0x00007d762f7a4340 0x0000000cae910340 0 1 1 0 0 3 0 50632 512
0x00007d762f7a43c0 0x0000000cae9103c0 0 1 1 0 0 3 0 50632 520
0x00007d762f7a4440 0x0000000cae910440 0 0 0 0 0 3 0 50632 528
0x00007d762f7a44c0 0x0000000cae9104c0 0 0 0 0 0 3 0 50632 536
0x00007d762f7a4540 0x0000000cae910540 0 1 0 0 0 3 0 50632 528
0x00007d762f7a45c0 0x0000000cae9105c0 0 1 0 0 0 3 0 50632 536
0x00007d762f7a4640 0x0000000cae910640 0 0 1 0 0 3 0 50632 528
0x00007d762f7a46c0 0x0000000cae9106c0 0 0 1 0 0 3 0 50632 536
0x00007d762f7a4740 0x0000000cae910740 0 1 1 0 0 3 0 50632 528
0x00007d762f7a47c0 0x0000000cae9107c0 0 1 1 0 0 3 0 50632 536
0x00007d762f7a4840 0x0000000cae910840 0 0 0 0 0 3 0 50632 544
0x00007d762f7a48c0 0x0000000cae9108c0 0 0 0 0 0 3 0 50632 552
0x00007d762f7a4940 0x0000000cae910940 0 1 0 0 0 3 0 50632 544
0x00007d762f7a49c0 0x0000000cae9109c0 0 1 0 0 0 3 0 50632 552
0x00007d762f7a4a40 0x0000000cae910a40 0 0 1 0 0 3 0 50632 544
0x00007d762f7a4ac0 0x0000000cae910ac0 0 0 1 0 0 3 0 50632 552
0x00007d762f7a4b40 0x0000000cae910b40 0 1 1 0 0 3 0 50632 544
0x00007d762f7a4bc0 0x0000000cae910bc0 0 1 1 0 0 3 0 50632 552
0x00007d762f7a4c40 0x0000000cae910c40 0 0 0 0 0 3 0 50632 560
0x00007d762f7a4cc0 0x0000000cae910cc0 0 0 0 0 0 3 0 50632 568
0x00007d762f7a4d40 0x0000000cae910d40 0 1 0 0 0 3 0 50632 560
0x00007d762f7a4dc0 0x0000000cae910dc0 0 1 0 0 0 3 0 50632 568
0x00007d762f7a4e40 0x0000000cae910e40 0 0 1 0 0 3 0 50632 560
0x00007d762f7a4ec0 0x0000000cae910ec0 0 0 1 0 0 3 0 50632 568
0x00007d762f7a4f40 0x0000000cae910f40 0 1 1 0 0 3 0 50632 560
0x00007d762f7a4fc0 0x0000000cae910fc0 0 1 1 0 0 3 0 50632 568
0x00007d762f7aa040 0x000000021c95a040 0 0 0 0 1 3 0 5018 640
0x00007d762f7aa0c0 0x000000021c95a0c0 0 0 0 0 1 3 0 5018 648
0x00007d762f7aa140 0x000000021c95a140 0 1 0 0 1 3 0 5018 640
0x00007d762f7aa1c0 0x000000021c95a1c0 0 1 0 0 1 3 0 5018 648
0x00007d762f7aa240 0x000000021c95a240 0 0 1 0 1 3 0 5018 640
0x00007d762f7aa2c0 0x000000021c95a2c0 0 0 1 0 1 3 0 5018 648
0x00007d762f7aa340 0x000000021c95a340 0 1 1 0 1 3 0 5018 640
0x00007d762f7aa3c0 0x000000021c95a3c0 0 1 1 0 1 3 0 5018 648
0x00007d762f7aa440 0x000000021c95a440 0 0 0 0 1 3 0 5018 656
0x00007d762f7aa4c0 0x000000021c95a4c0 0 0 0 0 1 3 0 5018 664
0x00007d762f7aa540 0x000000021c95a540 0 1 0 0 1 3 0 5018 656
0x00007d762f7aa5c0 0x000000021c95a5c0 0 1 0 0 1 3 0 5018 664
0x00007d762f7aa640 0x000000021c95a640 0 0 1 0 1 3 0 5018 656
0x00007d762f7aa6c0 0x000000021c95a6c0 0 0 1 0 1 3 0 5018 664
0x00007d762f7aa740 0x000000021c95a740 0 1 1 0 1 3 0 5018 656
0x00007d762f7aa7c0 0x000000021c95a7c0 0 1 1 0 1 3 0 5018 664
0x00007d762f7aa840 0x000000021c95a840 0 0 0 0 1 3 0 5018 672
0x00007d762f7aa8c0 0x000000021c95a8c0 0 0 0 0 1 3 0 5018 680
0x00007d762f7aa940 0x000000021c95a940 0 1 0 0 1 3 0 5018 672
0x00007d762f7aa9c0 0x000000021c95a9c0 0 1 0 0 1 3 0 5018 680
0x00007d762f7aaa40 0x000000021c95aa40 0 0 1 0 1 3 0 5018 672
0x00007d762f7aaac0 0x000000021c95aac0 0 0 1 0 1 3 0 5018 680
0x00007d762f7aab40 0x000000021c95ab40 0 1 1 0 1 3 0 5018 672
0x00007d762f7aabc0 0x000000021c95abc0 0 1 1 0 1 3 0 5018 680
0x00007d762f7aac40 0x000000021c95ac40 0 0 0 0 1 3 0 5018 688
0x00007d762f7aacc0 0x000000021c95acc0 0 0 0 0 1 3 0 5018 696
0x00007d762f7aad40 0x000000021c95ad40 0 1 0 0 1 3 0 5018 688
0x00007d762f7aadc0 0x000000021c95adc0 0 1 0 0 1 3 0 5018 696
0x00007d762f7aae40 0x000000021c95ae40 0 0 1 0 1 3 0 5018 688
0x00007d762f7aaec0 0x000000021c95aec0 0 0 1 0 1 3 0 5018 696
0x00007d762f7aaf40 0x000000021c95af40 0 1 1 0 1 3 0 5018 688
0x00007d762f7aafc0 0x000000021c95afc0 0 1 1 0 1 3 0 5018 696
0x00007d762f7ad040 0x000000021c95c040 0 0 0 0 1 3 0 5018 768
0x00007d762f7ad0c0 0x000000021c95c0c0 0 0 0 0 1 3 0 5018 776
0x00007d762f7ad140 0x000000021c95c140 0 1 0 0 1 3 0 5018 768
0x00007d762f7ad1c0 0x000000021c95c1c0 0 1 0 0 1 3 0 5018 776
0x00007d762f7ad240 0x000000021c95c240 0 0 1 0 1 3 0 5018 768
0x00007d762f7ad2c0 0x000000021c95c2c0 0 0 1 0 1 3 0 5018 776
0x00007d762f7ad340 0x000000021c95c340 0 1 1 0 1 3 0 5018 768
0x00007d762f7ad3c0 0x000000021c95c3c0 0 1 1 0 1 3 0 5018 776
0x00007d762f7ad440 0x000000021c95c440 0 0 0 0 1 3 0 5018 784
0x00007d762f7ad4c0 0x000000021c95c4c0 0 0 0 0 1 3 0 5018 792
0x00007d762f7ad540 0x000000021c95c540 0 1 0 0 1 3 0 5018 784
0x00007d762f7ad5c0 0x000000021c95c5c0 0 1 0 0 1 3 0 5018 792
0x00007d762f7ad640 0x000000021c95c640 0 0 1 0 1 3 0 5018 784
0x00007d762f7ad6c0 0x000000021c95c6c0 0 0 1 0 1 3 0 5018 792
0x00007d762f7ad740 0x000000021c95c740 0 1 1 0 1 3 0 5018 784
0x00007d762f7ad7c0 0x000000021c95c7c0 0 1 1 0 1 3 0 5018 792
0x00007d762f7ad840 0x000000021c95c840 0 0 0 0 1 3 0 5018 800
0x00007d762f7ad8c0 0x000000021c95c8c0 0 0 0 0 1 3 0 5018 808
0x00007d762f7ad940 0x000000021c95c940 0 1 0 0 1 3 0 5018 800
0x00007d762f7ad9c0 0x000000021c95c9c0 0 1 0 0 1 3 0 5018 808
0x00007d762f7ada40 0x000000021c95ca40 0 0 1 0 1 3 0 5018 800
0x00007d762f7adac0 0x000000021c95cac0 0 0 1 0 1 3 0 5018 808
0x00007d762f7adb40 0x000000021c95cb40 0 1 1 0 1 3 0 5018 800
0x00007d762f7adbc0 0x000000021c95cbc0 0 1 1 0 1 3 0 5018 808
0x00007d762f7adc40 0x000000021c95cc40 0 0 0 0 1 3 0 5018 816
0x00007d762f7adcc0 0x000000021c95ccc0 0 0 0 0 1 3 0 5018 824
0x00007d762f7add40 0x000000021c95cd40 0 1 0 0 1 3 0 5018 816
0x00007d762f7addc0 0x000000021c95cdc0 0 1 0 0 1 3 0 5018 824
0x00007d762f7ade40 0x000000021c95ce40 0 0 1 0 1 3 0 5018 816
0x00007d762f7adec0 0x000000021c95cec0 0 0 1 0 1 3 0 5018 824
0x00007d762f7adf40 0x000000021c95cf40 0 1 1 0 1 3 0 5018 816
0x00007d762f7adfc0 0x000000021c95cfc0 0 1 1 0 1 3 0 5018 824
0x00007d762f7b1040 0x000000021c958040 0 0 0 0 1 3 0 5018 512
0x00007d762f7b10c0 0x000000021c9580c0 0 0 0 0 1 3 0 5018 520
0x00007d762f7b1140 0x000000021c958140 0 1 0 0 1 3 0 5018 512
0x00007d762f7b11c0 0x000000021c9581c0 0 1 0 0 1 3 0 5018 520
0x00007d762f7b1240 0x000000021c958240 0 0 1 0 1 3 0 5018 512
0x00007d762f7b12c0 0x000000021c9582c0 0 0 1 0 1 3 0 5018 520
0x00007d762f7b1340 0x000000021c958340 0 1 1 0 1 3 0 5018 512
0x00007d762f7b13c0 0x000000021c9583c0 0 1 1 0 1 3 0 5018 520
0x00007d762f7b1440 0x000000021c958440 0 0 0 0 1 3 0 5018 528
0x00007d762f7b14c0 0x000000021c9584c0 0 0 0 0 1 3 0 5018 536
0x00007d762f7b1540 0x000000021c958540 0 1 0 0 1 3 0 5018 528
0x00007d762f7b15c0 0x000000021c9585c0 0 1 0 0 1 3 0 5018 536
0x00007d762f7b1640 0x000000021c958640 0 0 1 0 1 3 0 5018 528
0x00007d762f7b16c0 0x000000021c9586c0 0 0 1 0 1 3 0 5018 536
0x00007d762f7b1740 0x000000021c958740 0 1 1 0 1 3 0 5018 528
0x00007d762f7b17c0 0x000000021c9587c0 0 1 1 0 1 3 0 5018 536
0x00007d762f7b1840 0x000000021c958840 0 0 0 0 1 3 0 5018 544
0x00007d762f7b18c0 0x000000021c9588c0 0 0 0 0 1 3 0 5018 552
0x00007d762f7b1940 0x000000021c958940 0 1 0 0 1 3 0 5018 544
0x00007d762f7b19c0 0x000000021c9589c0 0 1 0 0 1 3 0 5018 552
0x00007d762f7b1a40 0x000000021c958a40 0 0 1 0 1 3 0 5018 544
0x00007d762f7b1ac0 0x000000021c958ac0 0 0 1 0 1 3 0 5018 552
0x00007d762f7b1b40 0x000000021c958b40 0 1 1 0 1 3 0 5018 544
0x00007d762f7b1bc0 0x000000021c958bc0 0 1 1 0 1 3 0 5018 552
0x00007d762f7b1c40 0x000000021c958c40 0 0 0 0 1 3 0 5018 560
0x00007d762f7b1cc0 0x000000021c958cc0 0 0 0 0 1 3 0 5018 568
0x00007d762f7b1d40 0x000000021c958d40 0 1 0 0 1 3 0 5018 560
0x00007d762f7b1dc0 0x000000021c958dc0 0 1 0 0 1 3 0 5018 568
0x00007d762f7b1e40 0x000000021c958e40 0 0 1 0 1 3 0 5018 560
0x00007d762f7b1ec0 0x000000021c958ec0 0 0 1 0 1 3 0 5018 568
0x00007d762f7b1f40 0x000000021c958f40 0 1 1 0 1 3 0 5018 560
0x00007d762f7b1fc0 0x000000021c958fc0 0 1 1 0 1 3 0 5018 568
0x00007d762f7ea040 0x000000021c950040 0 0 0 0 0 3 0 5018 512
0x00007d762f7ea0c0 0x000000021c9500c0 0 0 0 0 0 3 0 5018 520
0x00007d762f7ea140 0x000000021c950140 0 1 0 0 0 3 0 5018 512
0x00007d762f7ea1c0 0x000000021c9501c0 0 1 0 0 0 3 0 5018 520
0x00007d762f7ea240 0x000000021c950240 0 0 1 0 0 3 0 5018 512
0x00007d762f7ea2c0 0x000000021c9502c0 0 0 1 0 0 3 0 5018 520
0x00007d762f7ea340 0x000000021c950340 0 1 1 0 0 3 0 5018 512
0x00007d762f7ea3c0 0x000000021c9503c0 0 1 1 0 0 3 0 5018 520
0x00007d762f7ea440 0x000000021c950440 0 0 0 0 0 3 0 5018 528
0x00007d762f7ea4c0 0x000000021c9504c0 0 0 0 0 0 3 0 5018 536
0x00007d762f7ea540 0x000000021c950540 0 1 0 0 0 3 0 5018 528
0x00007d762f7ea5c0 0x000000021c9505c0 0 1 0 0 0 3 0 5018 536
0x00007d762f7ea640 0x000000021c950640 0 0 1 0 0 3 0 5018 528
0x00007d762f7ea6c0 0x000000021c9506c0 0 0 1 0 0 3 0 5018 536
0x00007d762f7ea740 0x000000021c950740 0 1 1 0 0 3 0 5018 528
0x00007d762f7ea7c0 0x000000021c9507c0 0 1 1 0 0 3 0 5018 536
0x00007d762f7ea840 0x000000021c950840 0 0 0 0 0 3 0 5018 544
0x00007d762f7ea8c0 0x000000021c9508c0 0 0 0 0 0 3 0 5018 552
0x00007d762f7ea940 0x000000021c950940 0 1 0 0 0 3 0 5018 544
0x00007d762f7ea9c0 0x000000021c9509c0 0 1 0 0 0 3 0 5018 552
0x00007d762f7eaa40 0x000000021c950a40 0 0 1 0 0 3 0 5018 544
0x00007d762f7eaac0 0x000000021c950ac0 0 0 1 0 0 3 0 5018 552
0x00007d762f7eab40 0x000000021c950b40 0 1 1 0 0 3 0 5018 544
0x00007d762f7eabc0 0x000000021c950bc0 0 1 1 0 0 3 0 5018 552
0x00007d762f7eac40 0x000000021c950c40 0 0 0 0 0 3 0 5018 560
0x00007d762f7eacc0 0x000000021c950cc0 0 0 0 0 0 3 0 5018 568
0x00007d762f7ead40 0x000000021c950d40 0 1 0 0 0 3 0 5018 560
0x00007d762f7eadc0 0x000000021c950dc0 0 1 0 0 0 3 0 5018 568
0x00007d762f7eae40 0x000000021c950e40 0 0 1 0 0 3 0 5018 560
0x00007d762f7eaec0 0x000000021c950ec0 0 0 1 0 0 3 0 5018 568
0x00007d762f7eaf40 0x000000021c950f40 0 1 1 0 0 3 0 5018 560
0x00007d762f7eafc0 0x000000021c950fc0 0 1 1 0 0 3 0 5018 568
0x00007d762f800040 0x000000021c951040 0 0 0 0 0 3 0 5018 576
0x00007d762f8000c0 0x000000021c9510c0 0 0 0 0 0 3 0 5018 584
0x00007d762f800140 0x000000021c951140 0 1 0 0 0 3 0 5018 576
0x00007d762f8001c0 0x000000021c9511c0 0 1 0 0 0 3 0 5018 584
0x00007d762f800240 0x000000021c951240 0 0 1 0 0 3 0 5018 576
0x00007d762f8002c0 0x000000021c9512c0 0 0 1 0 0 3 0 5018 584
0x00007d762f800340 0x000000021c951340 0 1 1 0 0 3 0 5018 576
0x00007d762f8003c0 0x000000021c9513c0 0 1 1 0 0 3 0 5018 584
0x00007d762f800440 0x000000021c951440 0 0 0 0 0 3 0 5018 592
0x00007d762f8004c0 0x000000021c9514c0 0 0 0 0 0 3 0 5018 600
0x00007d762f800540 0x000000021c951540 0 1 0 0 0 3 0 5018 592
0x00007d762f8005c0 0x000000021c9515c0 0 1 0 0 0 3 0 5018 600
0x00007d762f800640 0x000000021c951640 0 0 1 0 0 3 0 5018 592
0x00007d762f8006c0 0x000000021c9516c0 0 0 1 0 0 3 0 5018 600
0x00007d762f800740 0x000000021c951740 0 1 1 0 0 3 0 5018 592
0x00007d762f8007c0 0x000000021c9517c0 0 1 1 0 0 3 0 5018 600
0x00007d762f800840 0x000000021c951840 0 0 0 0 0 3 0 5018 608
0x00007d762f8008c0 0x000000021c9518c0 0 0 0 0 0 3 0 5018 616
0x00007d762f800940 0x000000021c951940 0 1 0 0 0 3 0 5018 608
0x00007d762f8009c0 0x000000021c9519c0 0 1 0 0 0 3 0 5018 616
0x00007d762f800a40 0x000000021c951a40 0 0 1 0 0 3 0 5018 608
0x00007d762f800ac0 0x000000021c951ac0 0 0 1 0 0 3 0 5018 616
0x00007d762f800b40 0x000000021c951b40 0 1 1 0 0 3 0 5018 608
0x00007d762f800bc0 0x000000021c951bc0 0 1 1 0 0 3 0 5018 616
0x00007d762f800c40 0x000000021c951c40 0 0 0 0 0 3 0 5018 624
0x00007d762f800cc0 0x000000021c951cc0 0 0 0 0 0 3 0 5018 632
0x00007d762f800d40 0x000000021c951d40 0 1 0 0 0 3 0 5018 624
0x00007d762f800dc0 0x000000021c951dc0 0 1 0 0 0 3 0 5018 632
0x00007d762f800e40 0x000000021c951e40 0 0 1 0 0 3 0 5018 624
0x00007d762f800ec0 0x000000021c951ec0 0 0 1 0 0 3 0 5018 632
0x00007d762f800f40 0x000000021c951f40 0 1 1 0 0 3 0 5018 624
0x00007d762f800fc0 0x000000021c951fc0 0 1 1 0 0 3 0 5018 632
0x00007d762f805040 0x000000021c959040 0 0 0 0 1 3 0 5018 576
0x00007d762f8050c0 0x000000021c9590c0 0 0 0 0 1 3 0 5018 584
0x00007d762f805140 0x000000021c959140 0 1 0 0 1 3 0 5018 576
0x00007d762f8051c0 0x000000021c9591c0 0 1 0 0 1 3 0 5018 584
0x00007d762f805240 0x000000021c959240 0 0 1 0 1 3 0 5018 576
0x00007d762f8052c0 0x000000021c9592c0 0 0 1 0 1 3 0 5018 584
0x00007d762f805340 0x000000021c959340 0 1 1 0 1 3 0 5018 576
0x00007d762f8053c0 0x000000021c9593c0 0 1 1 0 1 3 0 5018 584
0x00007d762f805440 0x000000021c959440 0 0 0 0 1 3 0 5018 592
0x00007d762f8054c0 0x000000021c9594c0 0 0 0 0 1 3 0 5018 600
0x00007d762f805540 0x000000021c959540 0 1 0 0 1 3 0 5018 592
0x00007d762f8055c0 0x000000021c9595c0 0 1 0 0 1 3 0 5018 600
0x00007d762f805640 0x000000021c959640 0 0 1 0 1 3 0 5018 592
0x00007d762f8056c0 0x000000021c9596c0 0 0 1 0 1 3 0 5018 600
0x00007d762f805740 0x000000021c959740 0 1 1 0 1 3 0 5018 592
0x00007d762f8057c0 0x000000021c9597c0 0 1 1 0 1 3 0 5018 600
0x00007d762f805840 0x000000021c959840 0 0 0 0 1 3 0 5018 608
0x00007d762f8058c0 0x000000021c9598c0 0 0 0 0 1 3 0 5018 616
0x00007d762f805940 0x000000021c959940 0 1 0 0 1 3 0 5018 608
0x00007d762f8059c0 0x000000021c9599c0 0 1 0 0 1 3 0 5018 616
0x00007d762f805a40 0x000000021c959a40 0 0 1 0 1 3 0 5018 608
0x00007d762f805ac0 0x000000021c959ac0 0 0 1 0 1 3 0 5018 616
0x00007d762f805b40 0x000000021c959b40 0 1 1 0 1 3 0 5018 608
0x00007d762f805bc0 0x000000021c959bc0 0 1 1 0 1 3 0 5018 616
0x00007d762f805c40 0x000000021c959c40 0 0 0 0 1 3 0 5018 624
0x00007d762f805cc0 0x000000021c959cc0 0 0 0 0 1 3 0 5018 632
0x00007d762f805d40 0x000000021c959d40 0 1 0 0 1 3 0 5018 624
0x00007d762f805dc0 0x000000021c959dc0 0 1 0 0 1 3 0 5018 632
0x00007d762f805e40 0x000000021c959e40 0 0 1 0 1 3 0 5018 624
0x00007d762f805ec0 0x000000021c959ec0 0 0 1 0 1 3 0 5018 632
0x00007d762f805f40 0x000000021c959f40 0 1 1 0 1 3 0 5018 624
0x00007d762f805fc0 0x000000021c959fc0 0 1 1 0 1 3 0 5018 632
0x00007d762f826040 0x0000000cae912040 0 0 0 0 0 3 0 50632 640
0x00007d762f8260c0 0x0000000cae9120c0 0 0 0 0 0 3 0 50632 648
0x00007d762f826140 0x0000000cae912140 0 1 0 0 0 3 0 50632 640
0x00007d762f8261c0 0x0000000cae9121c0 0 1 0 0 0 3 0 50632 648
0x00007d762f826240 0x0000000cae912240 0 0 1 0 0 3 0 50632 640
0x00007d762f8262c0 0x0000000cae9122c0 0 0 1 0 0 3 0 50632 648
0x00007d762f826340 0x0000000cae912340 0 1 1 0 0 3 0 50632 640
0x00007d762f8263c0 0x0000000cae9123c0 0 1 1 0 0 3 0 50632 648
0x00007d762f826440 0x0000000cae912440 0 0 0 0 0 3 0 50632 656
0x00007d762f8264c0 0x0000000cae9124c0 0 0 0 0 0 3 0 50632 664
0x00007d762f826540 0x0000000cae912540 0 1 0 0 0 3 0 50632 656
0x00007d762f8265c0 0x0000000cae9125c0 0 1 0 0 0 3 0 50632 664
0x00007d762f826640 0x0000000cae912640 0 0 1 0 0 3 0 50632 656
0x00007d762f8266c0 0x0000000cae9126c0 0 0 1 0 0 3 0 50632 664
0x00007d762f826740 0x0000000cae912740 0 1 1 0 0 3 0 50632 656
0x00007d762f8267c0 0x0000000cae9127c0 0 1 1 0 0 3 0 50632 664
0x00007d762f826840 0x0000000cae912840 0 0 0 0 0 3 0 50632 672
0x00007d762f8268c0 0x0000000cae9128c0 0 0 0 0 0 3 0 50632 680
0x00007d762f826940 0x0000000cae912940 0 1 0 0 0 3 0 50632 672
0x00007d762f8269c0 0x0000000cae9129c0 0 1 0 0 0 3 0 50632 680
0x00007d762f826a40 0x0000000cae912a40 0 0 1 0 0 3 0 50632 672
0x00007d762f826ac0 0x0000000cae912ac0 0 0 1 0 0 3 0 50632 680
0x00007d762f826b40 0x0000000cae912b40 0 1 1 0 0 3 0 50632 672
0x00007d762f826bc0 0x0000000cae912bc0 0 1 1 0 0 3 0 50632 680
0x00007d762f826c40 0x0000000cae912c40 0 0 0 0 0 3 0 50632 688
0x00007d762f826cc0 0x0000000cae912cc0 0 0 0 0 0 3 0 50632 696
0x00007d762f826d40 0x0000000cae912d40 0 1 0 0 0 3 0 50632 688
0x00007d762f826dc0 0x0000000cae912dc0 0 1 0 0 0 3 0 50632 696
0x00007d762f826e40 0x0000000cae912e40 0 0 1 0 0 3 0 50632 688
0x00007d762f826ec0 0x0000000cae912ec0 0 0 1 0 0 3 0 50632 696
0x00007d762f826f40 0x0000000cae912f40 0 1 1 0 0 3 0 50632 688
0x00007d762f826fc0 0x0000000cae912fc0 0 1 1 0 0 3 0 50632 696
0x00007d762f837040 0x00000005ea97f040 0 0 0 0 1 3 0 23883 960
0x00007d762f8370c0 0x00000005ea97f0c0 0 0 0 0 1 3 0 23883 968
0x00007d762f837140 0x00000005ea97f140 0 1 0 0 1 3 0 23883 960
0x00007d762f8371c0 0x00000005ea97f1c0 0 1 0 0 1 3 0 23883 968
0x00007d762f837240 0x00000005ea97f240 0 0 1 0 1 3 0 23883 960
0x00007d762f8372c0 0x00000005ea97f2c0 0 0 1 0 1 3 0 23883 968
0x00007d762f837340 0x00000005ea97f340 0 1 1 0 1 3 0 23883 960
0x00007d762f8373c0 0x00000005ea97f3c0 0 1 1 0 1 3 0 23883 968
0x00007d762f837440 0x00000005ea97f440 0 0 0 0 1 3 0 23883 976
0x00007d762f8374c0 0x00000005ea97f4c0 0 0 0 0 1 3 0 23883 984
0x00007d762f837540 0x00000005ea97f540 0 1 0 0 1 3 0 23883 976
0x00007d762f8375c0 0x00000005ea97f5c0 0 1 0 0 1 3 0 23883 984
0x00007d762f837640 0x00000005ea97f640 0 0 1 0 1 3 0 23883 976
0x00007d762f8376c0 0x00000005ea97f6c0 0 0 1 0 1 3 0 23883 984
0x00007d762f837740 0x00000005ea97f740 0 1 1 0 1 3 0 23883 976
0x00007d762f8377c0 0x00000005ea97f7c0 0 1 1 0 1 3 0 23883 984
0x00007d762f837840 0x00000005ea97f840 0 0 0 0 1 3 0 23883 992
0x00007d762f8378c0 0x00000005ea97f8c0 0 0 0 0 1 3 0 23883 1000
0x00007d762f837940 0x00000005ea97f940 0 1 0 0 1 3 0 23883 992
0x00007d762f8379c0 0x00000005ea97f9c0 0 1 0 0 1 3 0 23883 1000
0x00007d762f837a40 0x00000005ea97fa40 0 0 1 0 1 3 0 23883 992
0x00007d762f837ac0 0x00000005ea97fac0 0 0 1 0 1 3 0 23883 1000
0x00007d762f837b40 0x00000005ea97fb40 0 1 1 0 1 3 0 23883 992
0x00007d762f837bc0 0x00000005ea97fbc0 0 1 1 0 1 3 0 23883 1000
0x00007d762f837c40 0x00000005ea97fc40 0 0 0 0 1 3 0 23883 1008
0x00007d762f837cc0 0x00000005ea97fcc0 0 0 0 0 1 3 0 23883 1016
0x00007d762f837d40 0x00000005ea97fd40 0 1 0 0 1 3 0 23883 1008
0x00007d762f837dc0 0x00000005ea97fdc0 0 1 0 0 1 3 0 23883 1016
0x00007d762f837e40 0x00000005ea97fe40 0 0 1 0 1 3 0 23883 1008
0x00007d762f837ec0 0x00000005ea97fec0 0 0 1 0 1 3 0 23883 1016
0x00007d762f837f40 0x00000005ea97ff40 0 1 1 0 1 3 0 23883 1008
0x00007d762f837fc0 0x00000005ea97ffc0 0 1 1 0 1 3 0 23883 1016
0x00007d762f85e040 0x00000005ea971040 0 0 0 0 0 3 0 23883 576
0x00007d762f85e0c0 0x00000005ea9710c0 0 0 0 0 0 3 0 23883 584
0x00007d762f85e140 0x00000005ea971140 0 1 0 0 0 3 0 23883 576
0x00007d762f85e1c0 0x00000005ea9711c0 0 1 0 0 0 3 0 23883 584
0x00007d762f85e240 0x00000005ea971240 0 0 1 0 0 3 0 23883 576
0x00007d762f85e2c0 0x00000005ea9712c0 0 0 1 0 0 3 0 23883 584
0x00007d762f85e340 0x00000005ea971340 0 1 1 0 0 3 0 23883 576
0x00007d762f85e3c0 0x00000005ea9713c0 0 1 1 0 0 3 0 23883 584
0x00007d762f85e440 0x00000005ea971440 0 0 0 0 0 3 0 23883 592
0x00007d762f85e4c0 0x00000005ea9714c0 0 0 0 0 0 3 0 23883 600
0x00007d762f85e540 0x00000005ea971540 0 1 0 0 0 3 0 23883 592
0x00007d762f85e5c0 0x00000005ea9715c0 0 1 0 0 0 3 0 23883 600
0x00007d762f85e640 0x00000005ea971640 0 0 1 0 0 3 0 23883 592
0x00007d762f85e6c0 0x00000005ea9716c0 0 0 1 0 0 3 0 23883 600
0x00007d762f85e740 0x00000005ea971740 0 1 1 0 0 3 0 23883 592
0x00007d762f85e7c0 0x00000005ea9717c0 0 1 1 0 0 3 0 23883 600
0x00007d762f85e840 0x00000005ea971840 0 0 0 0 0 3 0 23883 608
0x00007d762f85e8c0 0x00000005ea9718c0 0 0 0 0 0 3 0 23883 616
0x00007d762f85e940 0x00000005ea971940 0 1 0 0 0 3 0 23883 608
0x00007d762f85e9c0 0x00000005ea9719c0 0 1 0 0 0 3 0 23883 616
0x00007d762f85ea40 0x00000005ea971a40 0 0 1 0 0 3 0 23883 608
0x00007d762f85eac0 0x00000005ea971ac0 0 0 1 0 0 3 0 23883 616
0x00007d762f85eb40 0x00000005ea971b40 0 1 1 0 0 3 0 23883 608
0x00007d762f85ebc0 0x00000005ea971bc0 0 1 1 0 0 3 0 23883 616
0x00007d762f85ec40 0x00000005ea971c40 0 0 0 0 0 3 0 23883 624
0x00007d762f85ecc0 0x00000005ea971cc0 0 0 0 0 0 3 0 23883 632
0x00007d762f85ed40 0x00000005ea971d40 0 1 0 0 0 3 0 23883 624
0x00007d762f85edc0 0x00000005ea971dc0 0 1 0 0 0 3 0 23883 632
0x00007d762f85ee40 0x00000005ea971e40 0 0 1 0 0 3 0 23883 624
0x00007d762f85eec0 0x00000005ea971ec0 0 0 1 0 0 3 0 23883 632
0x00007d762f85ef40 0x00000005ea971f40 0 1 1 0 0 3 0 23883 624
0x00007d762f85efc0 0x00000005ea971fc0 0 1 1 0 0 3 0 23883 632
0x00007d762f872040 0x00000005ea978040 0 0 0 0 1 3 0 23883 512
0x00007d762f8720c0 0x00000005ea9780c0 0 0 0 0 1 3 0 23883 520
0x00007d762f872140 0x00000005ea978140 0 1 0 0 1 3 0 23883 512
0x00007d762f8721c0 0x00000005ea9781c0 0 1 0 0 1 3 0 23883 520
0x00007d762f872240 0x00000005ea978240 0 0 1 0 1 3 0 23883 512
0x00007d762f8722c0 0x00000005ea9782c0 0 0 1 0 1 3 0 23883 520
0x00007d762f872340 0x00000005ea978340 0 1 1 0 1 3 0 23883 512
0x00007d762f8723c0 0x00000005ea9783c0 0 1 1 0 1 3 0 23883 520
0x00007d762f872440 0x00000005ea978440 0 0 0 0 1 3 0 23883 528
0x00007d762f8724c0 0x00000005ea9784c0 0 0 0 0 1 3 0 23883 536
0x00007d762f872540 0x00000005ea978540 0 1 0 0 1 3 0 23883 528
0x00007d762f8725c0 0x00000005ea9785c0 0 1 0 0 1 3 0 23883 536
0x00007d762f872640 0x00000005ea978640 0 0 1 0 1 3 0 23883 528
0x00007d762f8726c0 0x00000005ea9786c0 0 0 1 0 1 3 0 23883 536
0x00007d762f872740 0x00000005ea978740 0 1 1 0 1 3 0 23883 528
0x00007d762f8727c0 0x00000005ea9787c0 0 1 1 0 1 3 0 23883 536
0x00007d762f872840 0x00000005ea978840 0 0 0 0 1 3 0 23883 544
0x00007d762f8728c0 0x00000005ea9788c0 0 0 0 0 1 3 0 23883 552
0x00007d762f872940 0x00000005ea978940 0 1 0 0 1 3 0 23883 544
0x00007d762f8729c0 0x00000005ea9789c0 0 1 0 0 1 3 0 23883 552
0x00007d762f872a40 0x00000005ea978a40 0 0 1 0 1 3 0 23883 544
0x00007d762f872ac0 0x00000005ea978ac0 0 0 1 0 1 3 0 23883 552
0x00007d762f872b40 0x00000005ea978b40 0 1 1 0 1 3 0 23883 544
0x00007d762f872bc0 0x00000005ea978bc0 0 1 1 0 1 3 0 23883 552
0x00007d762f872c40 0x00000005ea978c40 0 0 0 0 1 3 0 23883 560
0x00007d762f872cc0 0x00000005ea978cc0 0 0 0 0 1 3 0 23883 568
0x00007d762f872d40 0x00000005ea978d40 0 1 0 0 1 3 0 23883 560
0x00007d762f872dc0 0x00000005ea978dc0 0 1 0 0 1 3 0 23883 568
0x00007d762f872e40 0x00000005ea978e40 0 0 1 0 1 3 0 23883 560
0x00007d762f872ec0 0x00000005ea978ec0 0 0 1 0 1 3 0 23883 568
0x00007d762f872f40 0x00000005ea978f40 0 1 1 0 1 3 0 23883 560
0x00007d762f872fc0 0x00000005ea978fc0 0 1 1 0 1 3 0 23883 568
0x00007d762f87b040 0x0000000cae915040 0 0 0 0 0 3 0 50632 832
0x00007d762f87b0c0 0x0000000cae9150c0 0 0 0 0 0 3 0 50632 840
0x00007d762f87b140 0x0000000cae915140 0 1 0 0 0 3 0 50632 832
0x00007d762f87b1c0 0x0000000cae9151c0 0 1 0 0 0 3 0 50632 840
0x00007d762f87b240 0x0000000cae915240 0 0 1 0 0 3 0 50632 832
0x00007d762f87b2c0 0x0000000cae9152c0 0 0 1 0 0 3 0 50632 840
0x00007d762f87b340 0x0000000cae915340 0 1 1 0 0 3 0 50632 832
0x00007d762f87b3c0 0x0000000cae9153c0 0 1 1 0 0 3 0 50632 840
0x00007d762f87b440 0x0000000cae915440 0 0 0 0 0 3 0 50632 848
0x00007d762f87b4c0 0x0000000cae9154c0 0 0 0 0 0 3 0 50632 856
0x00007d762f87b540 0x0000000cae915540 0 1 0 0 0 3 0 50632 848
0x00007d762f87b5c0 0x0000000cae9155c0 0 1 0 0 0 3 0 50632 856
0x00007d762f87b640 0x0000000cae915640 0 0 1 0 0 3 0 50632 848
0x00007d762f87b6c0 0x0000000cae9156c0 0 0 1 0 0 3 0 50632 856
0x00007d762f87b740 0x0000000cae915740 0 1 1 0 0 3 0 50632 848
0x00007d762f87b7c0 0x0000000cae9157c0 0 1 1 0 0 3 0 50632 856
0x00007d762f87b840 0x0000000cae915840 0 0 0 0 0 3 0 50632 864
0x00007d762f87b8c0 0x0000000cae9158c0 0 0 0 0 0 3 0 50632 872
0x00007d762f87b940 0x0000000cae915940 0 1 0 0 0 3 0 50632 864
0x00007d762f87b9c0 0x0000000cae9159c0 0 1 0 0 0 3 0 50632 872
0x00007d762f87ba40 0x0000000cae915a40 0 0 1 0 0 3 0 50632 864
0x00007d762f87bac0 0x0000000cae915ac0 0 0 1 0 0 3 0 50632 872
0x00007d762f87bb40 0x0000000cae915b40 0 1 1 0 0 3 0 50632 864
0x00007d762f87bbc0 0x0000000cae915bc0 0 1 1 0 0 3 0 50632 872
0x00007d762f87bc40 0x0000000cae915c40 0 0 0 0 0 3 0 50632 880
0x00007d762f87bcc0 0x0000000cae915cc0 0 0 0 0 0 3 0 50632 888
0x00007d762f87bd40 0x0000000cae915d40 0 1 0 0 0 3 0 50632 880
0x00007d762f87bdc0 0x0000000cae915dc0 0 1 0 0 0 3 0 50632 888
0x00007d762f87be40 0x0000000cae915e40 0 0 1 0 0 3 0 50632 880
0x00007d762f87bec0 0x0000000cae915ec0 0 0 1 0 0 3 0 50632 888
0x00007d762f87bf40 0x0000000cae915f40 0 1 1 0 0 3 0 50632 880
0x00007d762f87bfc0 0x0000000cae915fc0 0 1 1 0 0 3 0 50632 888
0x00007d762f896040 0x0000000b0d1e4040 0 0 0 0 0 3 0 41399 256
0x00007d762f8960c0 0x0000000b0d1e40c0 0 0 0 0 0 3 0 41399 264
0x00007d762f896140 0x0000000b0d1e4140 0 1 0 0 0 3 0 41399 256
0x00007d762f8961c0 0x0000000b0d1e41c0 0 1 0 0 0 3 0 41399 264
0x00007d762f896240 0x0000000b0d1e4240 0 0 1 0 0 3 0 41399 256
0x00007d762f8962c0 0x0000000b0d1e42c0 0 0 1 0 0 3 0 41399 264
0x00007d762f896340 0x0000000b0d1e4340 0 1 1 0 0 3 0 41399 256
0x00007d762f8963c0 0x0000000b0d1e43c0 0 1 1 0 0 3 0 41399 264
0x00007d762f896440 0x0000000b0d1e4440 0 0 0 0 0 3 0 41399 272
0x00007d762f8964c0 0x0000000b0d1e44c0 0 0 0 0 0 3 0 41399 280
0x00007d762f896540 0x0000000b0d1e4540 0 1 0 0 0 3 0 41399 272
0x00007d762f8965c0 0x0000000b0d1e45c0 0 1 0 0 0 3 0 41399 280
0x00007d762f896640 0x0000000b0d1e4640 0 0 1 0 0 3 0 41399 272
0x00007d762f8966c0 0x0000000b0d1e46c0 0 0 1 0 0 3 0 41399 280
0x00007d762f896740 0x0000000b0d1e4740 0 1 1 0 0 3 0 41399 272
0x00007d762f8967c0 0x0000000b0d1e47c0 0 1 1 0 0 3 0 41399 280
0x00007d762f896840 0x0000000b0d1e4840 0 0 0 0 0 3 0 41399 288
0x00007d762f8968c0 0x0000000b0d1e48c0 0 0 0 0 0 3 0 41399 296
0x00007d762f896940 0x0000000b0d1e4940 0 1 0 0 0 3 0 41399 288
0x00007d762f8969c0 0x0000000b0d1e49c0 0 1 0 0 0 3 0 41399 296
0x00007d762f896a40 0x0000000b0d1e4a40 0 0 1 0 0 3 0 41399 288
0x00007d762f896ac0 0x0000000b0d1e4ac0 0 0 1 0 0 3 0 41399 296
0x00007d762f896b40 0x0000000b0d1e4b40 0 1 1 0 0 3 0 41399 288
0x00007d762f896bc0 0x0000000b0d1e4bc0 0 1 1 0 0 3 0 41399 296
0x00007d762f896c40 0x0000000b0d1e4c40 0 0 0 0 0 3 0 41399 304
0x00007d762f896cc0 0x0000000b0d1e4cc0 0 0 0 0 0 3 0 41399 312
0x00007d762f896d40 0x0000000b0d1e4d40 0 1 0 0 0 3 0 41399 304
0x00007d762f896dc0 0x0000000b0d1e4dc0 0 1 0 0 0 3 0 41399 312
0x00007d762f896e40 0x0000000b0d1e4e40 0 0 1 0 0 3 0 41399 304
0x00007d762f896ec0 0x0000000b0d1e4ec0 0 0 1 0 0 3 0 41399 312
0x00007d762f896f40 0x0000000b0d1e4f40 0 1 1 0 0 3 0 41399 304
0x00007d762f896fc0 0x0000000b0d1e4fc0 0 1 1 0 0 3 0 41399 312
0x00007d762f8a1040 0x00000005ea97d040 0 0 0 0 1 3 0 23883 832
0x00007d762f8a10c0 0x00000005ea97d0c0 0 0 0 0 1 3 0 23883 840
0x00007d762f8a1140 0x00000005ea97d140 0 1 0 0 1 3 0 23883 832
0x00007d762f8a11c0 0x00000005ea97d1c0 0 1 0 0 1 3 0 23883 840
0x00007d762f8a1240 0x00000005ea97d240 0 0 1 0 1 3 0 23883 832
0x00007d762f8a12c0 0x00000005ea97d2c0 0 0 1 0 1 3 0 23883 840
0x00007d762f8a1340 0x00000005ea97d340 0 1 1 0 1 3 0 23883 832
0x00007d762f8a13c0 0x00000005ea97d3c0 0 1 1 0 1 3 0 23883 840
0x00007d762f8a1440 0x00000005ea97d440 0 0 0 0 1 3 0 23883 848
0x00007d762f8a14c0 0x00000005ea97d4c0 0 0 0 0 1 3 0 23883 856
0x00007d762f8a1540 0x00000005ea97d540 0 1 0 0 1 3 0 23883 848
0x00007d762f8a15c0 0x00000005ea97d5c0 0 1 0 0 1 3 0 23883 856
0x00007d762f8a1640 0x00000005ea97d640 0 0 1 0 1 3 0 23883 848
0x00007d762f8a16c0 0x00000005ea97d6c0 0 0 1 0 1 3 0 23883 856
0x00007d762f8a1740 0x00000005ea97d740 0 1 1 0 1 3 0 23883 848
0x00007d762f8a17c0 0x00000005ea97d7c0 0 1 1 0 1 3 0 23883 856
0x00007d762f8a1840 0x00000005ea97d840 0 0 0 0 1 3 0 23883 864
0x00007d762f8a18c0 0x00000005ea97d8c0 0 0 0 0 1 3 0 23883 872
0x00007d762f8a1940 0x00000005ea97d940 0 1 0 0 1 3 0 23883 864
0x00007d762f8a19c0 0x00000005ea97d9c0 0 1 0 0 1 3 0 23883 872
0x00007d762f8a1a40 0x00000005ea97da40 0 0 1 0 1 3 0 23883 864
0x00007d762f8a1ac0 0x00000005ea97dac0 0 0 1 0 1 3 0 23883 872
0x00007d762f8a1b40 0x00000005ea97db40 0 1 1 0 1 3 0 23883 864
0x00007d762f8a1bc0 0x00000005ea97dbc0 0 1 1 0 1 3 0 23883 872
0x00007d762f8a1c40 0x00000005ea97dc40 0 0 0 0 1 3 0 23883 880
0x00007d762f8a1cc0 0x00000005ea97dcc0 0 0 0 0 1 3 0 23883 888
0x00007d762f8a1d40 0x00000005ea97dd40 0 1 0 0 1 3 0 23883 880
0x00007d762f8a1dc0 0x00000005ea97ddc0 0 1 0 0 1 3 0 23883 888
0x00007d762f8a1e40 0x00000005ea97de40 0 0 1 0 1 3 0 23883 880
0x00007d762f8a1ec0 0x00000005ea97dec0 0 0 1 0 1 3 0 23883 888
0x00007d762f8a1f40 0x00000005ea97df40 0 1 1 0 1 3 0 23883 880
0x00007d762f8a1fc0 0x00000005ea97dfc0 0 1 1 0 1 3 0 23883 888
0x00007d762f8c5040 0x00000005ea97a040 0 0 0 0 1 3 0 23883 640
0x00007d762f8c50c0 0x00000005ea97a0c0 0 0 0 0 1 3 0 23883 648
0x00007d762f8c5140 0x00000005ea97a140 0 1 0 0 1 3 0 23883 640
0x00007d762f8c51c0 0x00000005ea97a1c0 0 1 0 0 1 3 0 23883 648
0x00007d762f8c5240 0x00000005ea97a240 0 0 1 0 1 3 0 23883 640
0x00007d762f8c52c0 0x00000005ea97a2c0 0 0 1 0 1 3 0 23883 648
0x00007d762f8c5340 0x00000005ea97a340 0 1 1 0 1 3 0 23883 640
0x00007d762f8c53c0 0x00000005ea97a3c0 0 1 1 0 1 3 0 23883 648
0x00007d762f8c5440 0x00000005ea97a440 0 0 0 0 1 3 0 23883 656
0x00007d762f8c54c0 0x00000005ea97a4c0 0 0 0 0 1 3 0 23883 664
0x00007d762f8c5540 0x00000005ea97a540 0 1 0 0 1 3 0 23883 656
0x00007d762f8c55c0 0x00000005ea97a5c0 0 1 0 0 1 3 0 23883 664
0x00007d762f8c5640 0x00000005ea97a640 0 0 1 0 1 3 0 23883 656
0x00007d762f8c56c0 0x00000005ea97a6c0 0 0 1 0 1 3 0 23883 664
0x00007d762f8c5740 0x00000005ea97a740 0 1 1 0 1 3 0 23883 656
0x00007d762f8c57c0 0x00000005ea97a7c0 0 1 1 0 1 3 0 23883 664
0x00007d762f8c5840 0x00000005ea97a840 0 0 0 0 1 3 0 23883 672
0x00007d762f8c58c0 0x00000005ea97a8c0 0 0 0 0 1 3 0 23883 680
0x00007d762f8c5940 0x00000005ea97a940 0 1 0 0 1 3 0 23883 672
0x00007d762f8c59c0 0x00000005ea97a9c0 0 1 0 0 1 3 0 23883 680
0x00007d762f8c5a40 0x00000005ea97aa40 0 0 1 0 1 3 0 23883 672
0x00007d762f8c5ac0 0x00000005ea97aac0 0 0 1 0 1 3 0 23883 680
0x00007d762f8c5b40 0x00000005ea97ab40 0 1 1 0 1 3 0 23883 672
0x00007d762f8c5bc0 0x00000005ea97abc0 0 1 1 0 1 3 0 23883 680
0x00007d762f8c5c40 0x00000005ea97ac40 0 0 0 0 1 3 0 23883 688
0x00007d762f8c5cc0 0x00000005ea97acc0 0 0 0 0 1 3 0 23883 696
0x00007d762f8c5d40 0x00000005ea97ad40 0 1 0 0 1 3 0 23883 688
0x00007d762f8c5dc0 0x00000005ea97adc0 0 1 0 0 1 3 0 23883 696
0x00007d762f8c5e40 0x00000005ea97ae40 0 0 1 0 1 3 0 23883 688
0x00007d762f8c5ec0 0x00000005ea97aec0 0 0 1 0 1 3 0 23883 696
0x00007d762f8c5f40 0x00000005ea97af40 0 1 1 0 1 3 0 23883 688
0x00007d762f8c5fc0 0x00000005ea97afc0 0 1 1 0 1 3 0 23883 696
0x00007d762f8c9040 0x0000000b0d1e6040 0 0 0 0 0 3 0 41399 384
0x00007d762f8c90c0 0x0000000b0d1e60c0 0 0 0 0 0 3 0 41399 392
0x00007d762f8c9140 0x0000000b0d1e6140 0 1 0 0 0 3 0 41399 384
0x00007d762f8c91c0 0x0000000b0d1e61c0 0 1 0 0 0 3 0 41399 392
0x00007d762f8c9240 0x0000000b0d1e6240 0 0 1 0 0 3 0 41399 384
0x00007d762f8c92c0 0x0000000b0d1e62c0 0 0 1 0 0 3 0 41399 392
0x00007d762f8c9340 0x0000000b0d1e6340 0 1 1 0 0 3 0 41399 384
0x00007d762f8c93c0 0x0000000b0d1e63c0 0 1 1 0 0 3 0 41399 392
0x00007d762f8c9440 0x0000000b0d1e6440 0 0 0 0 0 3 0 41399 400
0x00007d762f8c94c0 0x0000000b0d1e64c0 0 0 0 0 0 3 0 41399 408
0x00007d762f8c9540 0x0000000b0d1e6540 0 1 0 0 0 3 0 41399 400
0x00007d762f8c95c0 0x0000000b0d1e65c0 0 1 0 0 0 3 0 41399 408
0x00007d762f8c9640 0x0000000b0d1e6640 0 0 1 0 0 3 0 41399 400
0x00007d762f8c96c0 0x0000000b0d1e66c0 0 0 1 0 0 3 0 41399 408
0x00007d762f8c9740 0x0000000b0d1e6740 0 1 1 0 0 3 0 41399 400
0x00007d762f8c97c0 0x0000000b0d1e67c0 0 1 1 0 0 3 0 41399 408
0x00007d762f8c9840 0x0000000b0d1e6840 0 0 0 0 0 3 0 41399 416
0x00007d762f8c98c0 0x0000000b0d1e68c0 0 0 0 0 0 3 0 41399 424
0x00007d762f8c9940 0x0000000b0d1e6940 0 1 0 0 0 3 0 41399 416
0x00007d762f8c99c0 0x0000000b0d1e69c0 0 1 0 0 0 3 0 41399 424
0x00007d762f8c9a40 0x0000000b0d1e6a40 0 0 1 0 0 3 0 41399 416
0x00007d762f8c9ac0 0x0000000b0d1e6ac0 0 0 1 0 0 3 0 41399 424
0x00007d762f8c9b40 0x0000000b0d1e6b40 0 1 1 0 0 3 0 41399 416
0x00007d762f8c9bc0 0x0000000b0d1e6bc0 0 1 1 0 0 3 0 41399 424
0x00007d762f8c9c40 0x0000000b0d1e6c40 0 0 0 0 0 3 0 41399 432
0x00007d762f8c9cc0 0x0000000b0d1e6cc0 0 0 0 0 0 3 0 41399 440
0x00007d762f8c9d40 0x0000000b0d1e6d40 0 1 0 0 0 3 0 41399 432
0x00007d762f8c9dc0 0x0000000b0d1e6dc0 0 1 0 0 0 3 0 41399 440
0x00007d762f8c9e40 0x0000000b0d1e6e40 0 0 1 0 0 3 0 41399 432
0x00007d762f8c9ec0 0x0000000b0d1e6ec0 0 0 1 0 0 3 0 41399 440
0x00007d762f8c9f40 0x0000000b0d1e6f40 0 1 1 0 0 3 0 41399 432
0x00007d762f8c9fc0 0x0000000b0d1e6fc0 0 1 1 0 0 3 0 41399 440
0x00007d762f8ec040 0x00000005ea976040 0 0 0 0 0 3 0 23883 896
0x00007d762f8ec0c0 0x00000005ea9760c0 0 0 0 0 0 3 0 23883 904
0x00007d762f8ec140 0x00000005ea976140 0 1 0 0 0 3 0 23883 896
0x00007d762f8ec1c0 0x00000005ea9761c0 0 1 0 0 0 3 0 23883 904
0x00007d762f8ec240 0x00000005ea976240 0 0 1 0 0 3 0 23883 896
0x00007d762f8ec2c0 0x00000005ea9762c0 0 0 1 0 0 3 0 23883 904
0x00007d762f8ec340 0x00000005ea976340 0 1 1 0 0 3 0 23883 896
0x00007d762f8ec3c0 0x00000005ea9763c0 0 1 1 0 0 3 0 23883 904
0x00007d762f8ec440 0x00000005ea976440 0 0 0 0 0 3 0 23883 912
0x00007d762f8ec4c0 0x00000005ea9764c0 0 0 0 0 0 3 0 23883 920
0x00007d762f8ec540 0x00000005ea976540 0 1 0 0 0 3 0 23883 912
0x00007d762f8ec5c0 0x00000005ea9765c0 0 1 0 0 0 3 0 23883 920
0x00007d762f8ec640 0x00000005ea976640 0 0 1 0 0 3 0 23883 912
0x00007d762f8ec6c0 0x00000005ea9766c0 0 0 1 0 0 3 0 23883 920
0x00007d762f8ec740 0x00000005ea976740 0 1 1 0 0 3 0 23883 912
0x00007d762f8ec7c0 0x00000005ea9767c0 0 1 1 0 0 3 0 23883 920
0x00007d762f8ec840 0x00000005ea976840 0 0 0 0 0 3 0 23883 928
0x00007d762f8ec8c0 0x00000005ea9768c0 0 0 0 0 0 3 0 23883 936
0x00007d762f8ec940 0x00000005ea976940 0 1 0 0 0 3 0 23883 928
0x00007d762f8ec9c0 0x00000005ea9769c0 0 1 0 0 0 3 0 23883 936
0x00007d762f8eca40 0x00000005ea976a40 0 0 1 0 0 3 0 23883 928
0x00007d762f8ecac0 0x00000005ea976ac0 0 0 1 0 0 3 0 23883 936
0x00007d762f8ecb40 0x00000005ea976b40 0 1 1 0 0 3 0 23883 928
0x00007d762f8ecbc0 0x00000005ea976bc0 0 1 1 0 0 3 0 23883 936
0x00007d762f8ecc40 0x00000005ea976c40 0 0 0 0 0 3 0 23883 944
0x00007d762f8eccc0 0x00000005ea976cc0 0 0 0 0 0 3 0 23883 952
0x00007d762f8ecd40 0x00000005ea976d40 0 1 0 0 0 3 0 23883 944
0x00007d762f8ecdc0 0x00000005ea976dc0 0 1 0 0 0 3 0 23883 952
0x00007d762f8ece40 0x00000005ea976e40 0 0 1 0 0 3 0 23883 944
0x00007d762f8ecec0 0x00000005ea976ec0 0 0 1 0 0 3 0 23883 952
0x00007d762f8ecf40 0x00000005ea976f40 0 1 1 0 0 3 0 23883 944
0x00007d762f8ecfc0 0x00000005ea976fc0 0 1 1 0 0 3 0 23883 952
0x00007d762f8f2040 0x0000000cae914040 0 0 0 0 0 3 0 50632 768
0x00007d762f8f20c0 0x0000000cae9140c0 0 0 0 0 0 3 0 50632 776
0x00007d762f8f2140 0x0000000cae914140 0 1 0 0 0 3 0 50632 768
0x00007d762f8f21c0 0x0000000cae9141c0 0 1 0 0 0 3 0 50632 776
0x00007d762f8f2240 0x0000000cae914240 0 0 1 0 0 3 0 50632 768
0x00007d762f8f22c0 0x0000000cae9142c0 0 0 1 0 0 3 0 50632 776
0x00007d762f8f2340 0x0000000cae914340 0 1 1 0 0 3 0 50632 768
0x00007d762f8f23c0 0x0000000cae9143c0 0 1 1 0 0 3 0 50632 776
0x00007d762f8f2440 0x0000000cae914440 0 0 0 0 0 3 0 50632 784
0x00007d762f8f24c0 0x0000000cae9144c0 0 0 0 0 0 3 0 50632 792
0x00007d762f8f2540 0x0000000cae914540 0 1 0 0 0 3 0 50632 784
0x00007d762f8f25c0 0x0000000cae9145c0 0 1 0 0 0 3 0 50632 792
0x00007d762f8f2640 0x0000000cae914640 0 0 1 0 0 3 0 50632 784
0x00007d762f8f26c0 0x0000000cae9146c0 0 0 1 0 0 3 0 50632 792
0x00007d762f8f2740 0x0000000cae914740 0 1 1 0 0 3 0 50632 784
0x00007d762f8f27c0 0x0000000cae9147c0 0 1 1 0 0 3 0 50632 792
0x00007d762f8f2840 0x0000000cae914840 0 0 0 0 0 3 0 50632 800
0x00007d762f8f28c0 0x0000000cae9148c0 0 0 0 0 0 3 0 50632 808
0x00007d762f8f2940 0x0000000cae914940 0 1 0 0 0 3 0 50632 800
0x00007d762f8f29c0 0x0000000cae9149c0 0 1 0 0 0 3 0 50632 808
0x00007d762f8f2a40 0x0000000cae914a40 0 0 1 0 0 3 0 50632 800
0x00007d762f8f2ac0 0x0000000cae914ac0 0 0 1 0 0 3 0 50632 808
0x00007d762f8f2b40 0x0000000cae914b40 0 1 1 0 0 3 0 50632 800
0x00007d762f8f2bc0 0x0000000cae914bc0 0 1 1 0 0 3 0 50632 808
0x00007d762f8f2c40 0x0000000cae914c40 0 0 0 0 0 3 0 50632 816
0x00007d762f8f2cc0 0x0000000cae914cc0 0 0 0 0 0 3 0 50632 824
0x00007d762f8f2d40 0x0000000cae914d40 0 1 0 0 0 3 0 50632 816
0x00007d762f8f2dc0 0x0000000cae914dc0 0 1 0 0 0 3 0 50632 824
0x00007d762f8f2e40 0x0000000cae914e40 0 0 1 0 0 3 0 50632 816
0x00007d762f8f2ec0 0x0000000cae914ec0 0 0 1 0 0 3 0 50632 824
0x00007d762f8f2f40 0x0000000cae914f40 0 1 1 0 0 3 0 50632 816
0x00007d762f8f2fc0 0x0000000cae914fc0 0 1 1 0 0 3 0 50632 824
0x00007d762f8fa040 0x00000005ea979040 0 0 0 0 1 3 0 23883 576
0x00007d762f8fa0c0 0x00000005ea9790c0 0 0 0 0 1 3 0 23883 584
0x00007d762f8fa140 0x00000005ea979140 0 1 0 0 1 3 0 23883 576
0x00007d762f8fa1c0 0x00000005ea9791c0 0 1 0 0 1 3 0 23883 584
0x00007d762f8fa240 0x00000005ea979240 0 0 1 0 1 3 0 23883 576
0x00007d762f8fa2c0 0x00000005ea9792c0 0 0 1 0 1 3 0 23883 584
0x00007d762f8fa340 0x00000005ea979340 0 1 1 0 1 3 0 23883 576
0x00007d762f8fa3c0 0x00000005ea9793c0 0 1 1 0 1 3 0 23883 584
0x00007d762f8fa440 0x00000005ea979440 0 0 0 0 1 3 0 23883 592
0x00007d762f8fa4c0 0x00000005ea9794c0 0 0 0 0 1 3 0 23883 600
0x00007d762f8fa540 0x00000005ea979540 0 1 0 0 1 3 0 23883 592
0x00007d762f8fa5c0 0x00000005ea9795c0 0 1 0 0 1 3 0 23883 600
0x00007d762f8fa640 0x00000005ea979640 0 0 1 0 1 3 0 23883 592
0x00007d762f8fa6c0 0x00000005ea9796c0 0 0 1 0 1 3 0 23883 600
0x00007d762f8fa740 0x00000005ea979740 0 1 1 0 1 3 0 23883 592
0x00007d762f8fa7c0 0x00000005ea9797c0 0 1 1 0 1 3 0 23883 600
0x00007d762f8fa840 0x00000005ea979840 0 0 0 0 1 3 0 23883 608
0x00007d762f8fa8c0 0x00000005ea9798c0 0 0 0 0 1 3 0 23883 616
0x00007d762f8fa940 0x00000005ea979940 0 1 0 0 1 3 0 23883 608
0x00007d762f8fa9c0 0x00000005ea9799c0 0 1 0 0 1 3 0 23883 616
0x00007d762f8faa40 0x00000005ea979a40 0 0 1 0 1 3 0 23883 608
0x00007d762f8faac0 0x00000005ea979ac0 0 0 1 0 1 3 0 23883 616
0x00007d762f8fab40 0x00000005ea979b40 0 1 1 0 1 3 0 23883 608
0x00007d762f8fabc0 0x00000005ea979bc0 0 1 1 0 1 3 0 23883 616
0x00007d762f8fac40 0x00000005ea979c40 0 0 0 0 1 3 0 23883 624
0x00007d762f8facc0 0x00000005ea979cc0 0 0 0 0 1 3 0 23883 632
0x00007d762f8fad40 0x00000005ea979d40 0 1 0 0 1 3 0 23883 624
0x00007d762f8fadc0 0x00000005ea979dc0 0 1 0 0 1 3 0 23883 632
0x00007d762f8fae40 0x00000005ea979e40 0 0 1 0 1 3 0 23883 624
0x00007d762f8faec0 0x00000005ea979ec0 0 0 1 0 1 3 0 23883 632
0x00007d762f8faf40 0x00000005ea979f40 0 1 1 0 1 3 0 23883 624
0x00007d762f8fafc0 0x00000005ea979fc0 0 1 1 0 1 3 0 23883 632
