# bank_id=8 (bg=2 ba=0) n=1472
# Columns: VA PA s imc ch dimm rank bg ba row col
0x00007d762f600000 0x0000000b0d1eb000 0 0 0 0 1 2 0 41399 192
0x00007d762f600080 0x0000000b0d1eb080 0 0 0 0 1 2 0 41399 200
0x00007d762f600100 0x0000000b0d1eb100 0 1 0 0 1 2 0 41399 192
0x00007d762f600180 0x0000000b0d1eb180 0 1 0 0 1 2 0 41399 200
0x00007d762f600200 0x0000000b0d1eb200 0 0 1 0 1 2 0 41399 192
0x00007d762f600280 0x0000000b0d1eb280 0 0 1 0 1 2 0 41399 200
0x00007d762f600300 0x0000000b0d1eb300 0 1 1 0 1 2 0 41399 192
0x00007d762f600380 0x0000000b0d1eb380 0 1 1 0 1 2 0 41399 200
0x00007d762f600400 0x0000000b0d1eb400 0 0 0 0 1 2 0 41399 208
0x00007d762f600480 0x0000000b0d1eb480 0 0 0 0 1 2 0 41399 216
0x00007d762f600500 0x0000000b0d1eb500 0 1 0 0 1 2 0 41399 208
0x00007d762f600580 0x0000000b0d1eb580 0 1 0 0 1 2 0 41399 216
0x00007d762f600600 0x0000000b0d1eb600 0 0 1 0 1 2 0 41399 208
0x00007d762f600680 0x0000000b0d1eb680 0 0 1 0 1 2 0 41399 216
0x00007d762f600700 0x0000000b0d1eb700 0 1 1 0 1 2 0 41399 208
0x00007d762f600780 0x0000000b0d1eb780 0 1 1 0 1 2 0 41399 216
0x00007d762f600800 0x0000000b0d1eb800 0 0 0 0 1 2 0 41399 224
0x00007d762f600880 0x0000000b0d1eb880 0 0 0 0 1 2 0 41399 232
0x00007d762f600900 0x0000000b0d1eb900 0 1 0 0 1 2 0 41399 224
0x00007d762f600980 0x0000000b0d1eb980 0 1 0 0 1 2 0 41399 232
0x00007d762f600a00 0x0000000b0d1eba00 0 0 1 0 1 2 0 41399 224
0x00007d762f600a80 0x0000000b0d1eba80 0 0 1 0 1 2 0 41399 232
0x00007d762f600b00 0x0000000b0d1ebb00 0 1 1 0 1 2 0 41399 224
0x00007d762f600b80 0x0000000b0d1ebb80 0 1 1 0 1 2 0 41399 232
0x00007d762f600c00 0x0000000b0d1ebc00 0 0 0 0 1 2 0 41399 240
0x00007d762f600c80 0x0000000b0d1ebc80 0 0 0 0 1 2 0 41399 248
0x00007d762f600d00 0x0000000b0d1ebd00 0 1 0 0 1 2 0 41399 240
0x00007d762f600d80 0x0000000b0d1ebd80 0 1 0 0 1 2 0 41399 248
0x00007d762f600e00 0x0000000b0d1ebe00 0 0 1 0 1 2 0 41399 240
0x00007d762f600e80 0x0000000b0d1ebe80 0 0 1 0 1 2 0 41399 248
0x00007d762f600f00 0x0000000b0d1ebf00 0 1 1 0 1 2 0 41399 240
0x00007d762f600f80 0x0000000b0d1ebf80 0 1 1 0 1 2 0 41399 248
0x00007d762f609000 0x00000005ea972000 0 0 0 0 0 2 0 23883 640
0x00007d762f609080 0x00000005ea972080 0 0 0 0 0 2 0 23883 648
0x00007d762f609100 0x00000005ea972100 0 1 0 0 0 2 0 23883 640
0x00007d762f609180 0x00000005ea972180 0 1 0 0 0 2 0 23883 648
0x00007d762f609200 0x00000005ea972200 0 0 1 0 0 2 0 23883 640
0x00007d762f609280 0x00000005ea972280 0 0 1 0 0 2 0 23883 648
0x00007d762f609300 0x00000005ea972300 0 1 1 0 0 2 0 23883 640
0x00007d762f609380 0x00000005ea972380 0 1 1 0 0 2 0 23883 648
0x00007d762f609400 0x00000005ea972400 0 0 0 0 0 2 0 23883 656
0x00007d762f609480 0x00000005ea972480 0 0 0 0 0 2 0 23883 664
0x00007d762f609500 0x00000005ea972500 0 1 0 0 0 2 0 23883 656
0x00007d762f609580 0x00000005ea972580 0 1 0 0 0 2 0 23883 664
0x00007d762f609600 0x00000005ea972600 0 0 1 0 0 2 0 23883 656
0x00007d762f609680 0x00000005ea972680 0 0 1 0 0 2 0 23883 664
0x00007d762f609700 0x00000005ea972700 0 1 1 0 0 2 0 23883 656
0x00007d762f609780 0x00000005ea972780 0 1 1 0 0 2 0 23883 664
0x00007d762f609800 0x00000005ea972800 0 0 0 0 0 2 0 23883 672
0x00007d762f609880 0x00000005ea972880 0 0 0 0 0 2 0 23883 680
0x00007d762f609900 0x00000005ea972900 0 1 0 0 0 2 0 23883 672
0x00007d762f609980 0x00000005ea972980 0 1 0 0 0 2 0 23883 680
0x00007d762f609a00 0x00000005ea972a00 0 0 1 0 0 2 0 23883 672
0x00007d762f609a80 0x00000005ea972a80 0 0 1 0 0 2 0 23883 680
0x00007d762f609b00 0x00000005ea972b00 0 1 1 0 0 2 0 23883 672
0x00007d762f609b80 0x00000005ea972b80 0 1 1 0 0 2 0 23883 680
0x00007d762f609c00 0x00000005ea972c00 0 0 0 0 0 2 0 23883 688
0x00007d762f609c80 0x00000005ea972c80 0 0 0 0 0 2 0 23883 696
0x00007d762f609d00 0x00000005ea972d00 0 1 0 0 0 2 0 23883 688
0x00007d762f609d80 0x00000005ea972d80 0 1 0 0 0 2 0 23883 696
0x00007d762f609e00 0x00000005ea972e00 0 0 1 0 0 2 0 23883 688
0x00007d762f609e80 0x00000005ea972e80 0 0 1 0 0 2 0 23883 696
0x00007d762f609f00 0x00000005ea972f00 0 1 1 0 0 2 0 23883 688
0x00007d762f609f80 0x00000005ea972f80 0 1 1 0 0 2 0 23883 696
0x00007d762f60e000 0x0000000cae91f000 0 0 0 0 1 2 0 50632 960
0x00007d762f60e080 0x0000000cae91f080 0 0 0 0 1 2 0 50632 968
0x00007d762f60e100 0x0000000cae91f100 0 1 0 0 1 2 0 50632 960
0x00007d762f60e180 0x0000000cae91f180 0 1 0 0 1 2 0 50632 968
0x00007d762f60e200 0x0000000cae91f200 0 0 1 0 1 2 0 50632 960
0x00007d762f60e280 0x0000000cae91f280 0 0 1 0 1 2 0 50632 968
0x00007d762f60e300 0x0000000cae91f300 0 1 1 0 1 2 0 50632 960
0x00007d762f60e380 0x0000000cae91f380 0 1 1 0 1 2 0 50632 968
0x00007d762f60e400 0x0000000cae91f400 0 0 0 0 1 2 0 50632 976
0x00007d762f60e480 0x0000000cae91f480 0 0 0 0 1 2 0 50632 984
0x00007d762f60e500 0x0000000cae91f500 0 1 0 0 1 2 0 50632 976
0x00007d762f60e580 0x0000000cae91f580 0 1 0 0 1 2 0 50632 984
0x00007d762f60e600 0x0000000cae91f600 0 0 1 0 1 2 0 50632 976
0x00007d762f60e680 0x0000000cae91f680 0 0 1 0 1 2 0 50632 984
0x00007d762f60e700 0x0000000cae91f700 0 1 1 0 1 2 0 50632 976
0x00007d762f60e780 0x0000000cae91f780 0 1 1 0 1 2 0 50632 984
0x00007d762f60e800 0x0000000cae91f800 0 0 0 0 1 2 0 50632 992
0x00007d762f60e880 0x0000000cae91f880 0 0 0 0 1 2 0 50632 1000
0x00007d762f60e900 0x0000000cae91f900 0 1 0 0 1 2 0 50632 992
0x00007d762f60e980 0x0000000cae91f980 0 1 0 0 1 2 0 50632 1000
0x00007d762f60ea00 0x0000000cae91fa00 0 0 1 0 1 2 0 50632 992
0x00007d762f60ea80 0x0000000cae91fa80 0 0 1 0 1 2 0 50632 1000
0x00007d762f60eb00 0x0000000cae91fb00 0 1 1 0 1 2 0 50632 992
0x00007d762f60eb80 0x0000000cae91fb80 0 1 1 0 1 2 0 50632 1000
0x00007d762f60ec00 0x0000000cae91fc00 0 0 0 0 1 2 0 50632 1008
0x00007d762f60ec80 0x0000000cae91fc80 0 0 0 0 1 2 0 50632 1016
0x00007d762f60ed00 0x0000000cae91fd00 0 1 0 0 1 2 0 50632 1008
0x00007d762f60ed80 0x0000000cae91fd80 0 1 0 0 1 2 0 50632 1016
0x00007d762f60ee00 0x0000000cae91fe00 0 0 1 0 1 2 0 50632 1008
0x00007d762f60ee80 0x0000000cae91fe80 0 0 1 0 1 2 0 50632 1016
0x00007d762f60ef00 0x0000000cae91ff00 0 1 1 0 1 2 0 50632 1008
0x00007d762f60ef80 0x0000000cae91ff80 0 1 1 0 1 2 0 50632 1016
0x00007d762f637000 0x0000000cae916000 0 0 0 0 0 2 0 50632 896
0x00007d762f637080 0x0000000cae916080 0 0 0 0 0 2 0 50632 904
0x00007d762f637100 0x0000000cae916100 0 1 0 0 0 2 0 50632 896
0x00007d762f637180 0x0000000cae916180 0 1 0 0 0 2 0 50632 904
0x00007d762f637200 0x0000000cae916200 0 0 1 0 0 2 0 50632 896
0x00007d762f637280 0x0000000cae916280 0 0 1 0 0 2 0 50632 904
0x00007d762f637300 0x0000000cae916300 0 1 1 0 0 2 0 50632 896
0x00007d762f637380 0x0000000cae916380 0 1 1 0 0 2 0 50632 904
0x00007d762f637400 0x0000000cae916400 0 0 0 0 0 2 0 50632 912
0x00007d762f637480 0x0000000cae916480 0 0 0 0 0 2 0 50632 920
0x00007d762f637500 0x0000000cae916500 0 1 0 0 0 2 0 50632 912
0x00007d762f637580 0x0000000cae916580 0 1 0 0 0 2 0 50632 920
0x00007d762f637600 0x0000000cae916600 0 0 1 0 0 2 0 50632 912
0x00007d762f637680 0x0000000cae916680 0 0 1 0 0 2 0 50632 920
0x00007d762f637700 0x0000000cae916700 0 1 1 0 0 2 0 50632 912
0x00007d762f637780 0x0000000cae916780 0 1 1 0 0 2 0 50632 920
0x00007d762f637800 0x0000000cae916800 0 0 0 0 0 2 0 50632 928
0x00007d762f637880 0x0000000cae916880 0 0 0 0 0 2 0 50632 936
0x00007d762f637900 0x0000000cae916900 0 1 0 0 0 2 0 50632 928
0x00007d762f637980 0x0000000cae916980 0 1 0 0 0 2 0 50632 936
0x00007d762f637a00 0x0000000cae916a00 0 0 1 0 0 2 0 50632 928
0x00007d762f637a80 0x0000000cae916a80 0 0 1 0 0 2 0 50632 936
0x00007d762f637b00 0x0000000cae916b00 0 1 1 0 0 2 0 50632 928
0x00007d762f637b80 0x0000000cae916b80 0 1 1 0 0 2 0 50632 936
0x00007d762f637c00 0x0000000cae916c00 0 0 0 0 0 2 0 50632 944
0x00007d762f637c80 0x0000000cae916c80 0 0 0 0 0 2 0 50632 952
0x00007d762f637d00 0x0000000cae916d00 0 1 0 0 0 2 0 50632 944
0x00007d762f637d80 0x0000000cae916d80 0 1 0 0 0 2 0 50632 952
0x00007d762f637e00 0x0000000cae916e00 0 0 1 0 0 2 0 50632 944
0x00007d762f637e80 0x0000000cae916e80 0 0 1 0 0 2 0 50632 952
0x00007d762f637f00 0x0000000cae916f00 0 1 1 0 0 2 0 50632 944
0x00007d762f637f80 0x0000000cae916f80 0 1 1 0 0 2 0 50632 952
0x00007d762f641000 0x0000000b0d1ed000 0 0 0 0 1 2 0 41399 320
0x00007d762f641080 0x0000000b0d1ed080 0 0 0 0 1 2 0 41399 328
0x00007d762f641100 0x0000000b0d1ed100 0 1 0 0 1 2 0 41399 320
0x00007d762f641180 0x0000000b0d1ed180 0 1 0 0 1 2 0 41399 328
0x00007d762f641200 0x0000000b0d1ed200 0 0 1 0 1 2 0 41399 320
0x00007d762f641280 0x0000000b0d1ed280 0 0 1 0 1 2 0 41399 328
0x00007d762f641300 0x0000000b0d1ed300 0 1 1 0 1 2 0 41399 320
0x00007d762f641380 0x0000000b0d1ed380 0 1 1 0 1 2 0 41399 328
0x00007d762f641400 0x0000000b0d1ed400 0 0 0 0 1 2 0 41399 336
0x00007d762f641480 0x0000000b0d1ed480 0 0 0 0 1 2 0 41399 344
0x00007d762f641500 0x0000000b0d1ed500 0 1 0 0 1 2 0 41399 336
0x00007d762f641580 0x0000000b0d1ed580 0 1 0 0 1 2 0 41399 344
0x00007d762f641600 0x0000000b0d1ed600 0 0 1 0 1 2 0 41399 336
0x00007d762f641680 0x0000000b0d1ed680 0 0 1 0 1 2 0 41399 344
0x00007d762f641700 0x0000000b0d1ed700 0 1 1 0 1 2 0 41399 336
0x00007d762f641780 0x0000000b0d1ed780 0 1 1 0 1 2 0 41399 344
0x00007d762f641800 0x0000000b0d1ed800 0 0 0 0 1 2 0 41399 352
0x00007d762f641880 0x0000000b0d1ed880 0 0 0 0 1 2 0 41399 360
0x00007d762f641900 0x0000000b0d1ed900 0 1 0 0 1 2 0 41399 352
0x00007d762f641980 0x0000000b0d1ed980 0 1 0 0 1 2 0 41399 360
0x00007d762f641a00 0x0000000b0d1eda00 0 0 1 0 1 2 0 41399 352
0x00007d762f641a80 0x0000000b0d1eda80 0 0 1 0 1 2 0 41399 360
0x00007d762f641b00 0x0000000b0d1edb00 0 1 1 0 1 2 0 41399 352
0x00007d762f641b80 0x0000000b0d1edb80 0 1 1 0 1 2 0 41399 360
0x00007d762f641c00 0x0000000b0d1edc00 0 0 0 0 1 2 0 41399 368
0x00007d762f641c80 0x0000000b0d1edc80 0 0 0 0 1 2 0 41399 376
0x00007d762f641d00 0x0000000b0d1edd00 0 1 0 0 1 2 0 41399 368
0x00007d762f641d80 0x0000000b0d1edd80 0 1 0 0 1 2 0 41399 376
0x00007d762f641e00 0x0000000b0d1ede00 0 0 1 0 1 2 0 41399 368
0x00007d762f641e80 0x0000000b0d1ede80 0 0 1 0 1 2 0 41399 376
0x00007d762f641f00 0x0000000b0d1edf00 0 1 1 0 1 2 0 41399 368
0x00007d762f641f80 0x0000000b0d1edf80 0 1 1 0 1 2 0 41399 376
0x00007d762f652000 0x000000021c956000 0 0 0 0 0 2 0 5018 896
0x00007d762f652080 0x000000021c956080 0 0 0 0 0 2 0 5018 904
0x00007d762f652100 0x000000021c956100 0 1 0 0 0 2 0 5018 896
0x00007d762f652180 0x000000021c956180 0 1 0 0 0 2 0 5018 904
0x00007d762f652200 0x000000021c956200 0 0 1 0 0 2 0 5018 896
0x00007d762f652280 0x000000021c956280 0 0 1 0 0 2 0 5018 904
0x00007d762f652300 0x000000021c956300 0 1 1 0 0 2 0 5018 896
0x00007d762f652380 0x000000021c956380 0 1 1 0 0 2 0 5018 904
0x00007d762f652400 0x000000021c956400 0 0 0 0 0 2 0 5018 912
0x00007d762f652480 0x000000021c956480 0 0 0 0 0 2 0 5018 920
0x00007d762f652500 0x000000021c956500 0 1 0 0 0 2 0 5018 912
0x00007d762f652580 0x000000021c956580 0 1 0 0 0 2 0 5018 920
0x00007d762f652600 0x000000021c956600 0 0 1 0 0 2 0 5018 912
0x00007d762f652680 0x000000021c956680 0 0 1 0 0 2 0 5018 920
0x00007d762f652700 0x000000021c956700 0 1 1 0 0 2 0 5018 912
0x00007d762f652780 0x000000021c956780 0 1 1 0 0 2 0 5018 920
0x00007d762f652800 0x000000021c956800 0 0 0 0 0 2 0 5018 928
0x00007d762f652880 0x000000021c956880 0 0 0 0 0 2 0 5018 936
0x00007d762f652900 0x000000021c956900 0 1 0 0 0 2 0 5018 928
0x00007d762f652980 0x000000021c956980 0 1 0 0 0 2 0 5018 936
0x00007d762f652a00 0x000000021c956a00 0 0 1 0 0 2 0 5018 928
0x00007d762f652a80 0x000000021c956a80 0 0 1 0 0 2 0 5018 936
0x00007d762f652b00 0x000000021c956b00 0 1 1 0 0 2 0 5018 928
0x00007d762f652b80 0x000000021c956b80 0 1 1 0 0 2 0 5018 936
0x00007d762f652c00 0x000000021c956c00 0 0 0 0 0 2 0 5018 944
0x00007d762f652c80 0x000000021c956c80 0 0 0 0 0 2 0 5018 952
0x00007d762f652d00 0x000000021c956d00 0 1 0 0 0 2 0 5018 944
0x00007d762f652d80 0x000000021c956d80 0 1 0 0 0 2 0 5018 952
0x00007d762f652e00 0x000000021c956e00 0 0 1 0 0 2 0 5018 944
0x00007d762f652e80 0x000000021c956e80 0 0 1 0 0 2 0 5018 952
0x00007d762f652f00 0x000000021c956f00 0 1 1 0 0 2 0 5018 944
0x00007d762f652f80 0x000000021c956f80 0 1 1 0 0 2 0 5018 952
0x00007d762f656000 0x00000005ea973000 0 0 0 0 0 2 0 23883 704
0x00007d762f656080 0x00000005ea973080 0 0 0 0 0 2 0 23883 712
0x00007d762f656100 0x00000005ea973100 0 1 0 0 0 2 0 23883 704
0x00007d762f656180 0x00000005ea973180 0 1 0 0 0 2 0 23883 712
0x00007d762f656200 0x00000005ea973200 0 0 1 0 0 2 0 23883 704
0x00007d762f656280 0x00000005ea973280 0 0 1 0 0 2 0 23883 712
0x00007d762f656300 0x00000005ea973300 0 1 1 0 0 2 0 23883 704
0x00007d762f656380 0x00000005ea973380 0 1 1 0 0 2 0 23883 712
0x00007d762f656400 0x00000005ea973400 0 0 0 0 0 2 0 23883 720
0x00007d762f656480 0x00000005ea973480 0 0 0 0 0 2 0 23883 728
0x00007d762f656500 0x00000005ea973500 0 1 0 0 0 2 0 23883 720
0x00007d762f656580 0x00000005ea973580 0 1 0 0 0 2 0 23883 728
0x00007d762f656600 0x00000005ea973600 0 0 1 0 0 2 0 23883 720
0x00007d762f656680 0x00000005ea973680 0 0 1 0 0 2 0 23883 728
0x00007d762f656700 0x00000005ea973700 0 1 1 0 0 2 0 23883 720
0x00007d762f656780 0x00000005ea973780 0 1 1 0 0 2 0 23883 728
0x00007d762f656800 0x00000005ea973800 0 0 0 0 0 2 0 23883 736
0x00007d762f656880 0x00000005ea973880 0 0 0 0 0 2 0 23883 744
0x00007d762f656900 0x00000005ea973900 0 1 0 0 0 2 0 23883 736
0x00007d762f656980 0x00000005ea973980 0 1 0 0 0 2 0 23883 744
0x00007d762f656a00 0x00000005ea973a00 0 0 1 0 0 2 0 23883 736
0x00007d762f656a80 0x00000005ea973a80 0 0 1 0 0 2 0 23883 744
0x00007d762f656b00 0x00000005ea973b00 0 1 1 0 0 2 0 23883 736
0x00007d762f656b80 0x00000005ea973b80 0 1 1 0 0 2 0 23883 744
0x00007d762f656c00 0x00000005ea973c00 0 0 0 0 0 2 0 23883 752
0x00007d762f656c80 0x00000005ea973c80 0 0 0 0 0 2 0 23883 760
0x00007d762f656d00 0x00000005ea973d00 0 1 0 0 0 2 0 23883 752
0x00007d762f656d80 0x00000005ea973d80 0 1 0 0 0 2 0 23883 760
0x00007d762f656e00 0x00000005ea973e00 0 0 1 0 0 2 0 23883 752
0x00007d762f656e80 0x00000005ea973e80 0 0 1 0 0 2 0 23883 760
0x00007d762f656f00 0x00000005ea973f00 0 1 1 0 0 2 0 23883 752
0x00007d762f656f80 0x00000005ea973f80 0 1 1 0 0 2 0 23883 760
0x00007d762f657000 0x000000021c95f000 0 0 0 0 1 2 0 5018 960
0x00007d762f657080 0x000000021c95f080 0 0 0 0 1 2 0 5018 968
0x00007d762f657100 0x000000021c95f100 0 1 0 0 1 2 0 5018 960
0x00007d762f657180 0x000000021c95f180 0 1 0 0 1 2 0 5018 968
0x00007d762f657200 0x000000021c95f200 0 0 1 0 1 2 0 5018 960
0x00007d762f657280 0x000000021c95f280 0 0 1 0 1 2 0 5018 968
0x00007d762f657300 0x000000021c95f300 0 1 1 0 1 2 0 5018 960
0x00007d762f657380 0x000000021c95f380 0 1 1 0 1 2 0 5018 968
0x00007d762f657400 0x000000021c95f400 0 0 0 0 1 2 0 5018 976
0x00007d762f657480 0x000000021c95f480 0 0 0 0 1 2 0 5018 984
0x00007d762f657500 0x000000021c95f500 0 1 0 0 1 2 0 5018 976
0x00007d762f657580 0x000000021c95f580 0 1 0 0 1 2 0 5018 984
0x00007d762f657600 0x000000021c95f600 0 0 1 0 1 2 0 5018 976
0x00007d762f657680 0x000000021c95f680 0 0 1 0 1 2 0 5018 984
0x00007d762f657700 0x000000021c95f700 0 1 1 0 1 2 0 5018 976
0x00007d762f657780 0x000000021c95f780 0 1 1 0 1 2 0 5018 984
0x00007d762f657800 0x000000021c95f800 0 0 0 0 1 2 0 5018 992
0x00007d762f657880 0x000000021c95f880 0 0 0 0 1 2 0 5018 1000
0x00007d762f657900 0x000000021c95f900 0 1 0 0 1 2 0 5018 992
0x00007d762f657980 0x000000021c95f980 0 1 0 0 1 2 0 5018 1000
0x00007d762f657a00 0x000000021c95fa00 0 0 1 0 1 2 0 5018 992
0x00007d762f657a80 0x000000021c95fa80 0 0 1 0 1 2 0 5018 1000
0x00007d762f657b00 0x000000021c95fb00 0 1 1 0 1 2 0 5018 992
0x00007d762f657b80 0x000000021c95fb80 0 1 1 0 1 2 0 5018 1000
0x00007d762f657c00 0x000000021c95fc00 0 0 0 0 1 2 0 5018 1008
0x00007d762f657c80 0x000000021c95fc80 0 0 0 0 1 2 0 5018 1016
0x00007d762f657d00 0x000000021c95fd00 0 1 0 0 1 2 0 5018 1008
0x00007d762f657d80 0x000000021c95fd80 0 1 0 0 1 2 0 5018 1016
0x00007d762f657e00 0x000000021c95fe00 0 0 1 0 1 2 0 5018 1008
0x00007d762f657e80 0x000000021c95fe80 0 0 1 0 1 2 0 5018 1016
0x00007d762f657f00 0x000000021c95ff00 0 1 1 0 1 2 0 5018 1008
0x00007d762f657f80 0x000000021c95ff80 0 1 1 0 1 2 0 5018 1016
0x00007d762f658000 0x000000021c955000 0 0 0 0 0 2 0 5018 832
0x00007d762f658080 0x000000021c955080 0 0 0 0 0 2 0 5018 840
0x00007d762f658100 0x000000021c955100 0 1 0 0 0 2 0 5018 832
0x00007d762f658180 0x000000021c955180 0 1 0 0 0 2 0 5018 840
0x00007d762f658200 0x000000021c955200 0 0 1 0 0 2 0 5018 832
0x00007d762f658280 0x000000021c955280 0 0 1 0 0 2 0 5018 840
0x00007d762f658300 0x000000021c955300 0 1 1 0 0 2 0 5018 832
0x00007d762f658380 0x000000021c955380 0 1 1 0 0 2 0 5018 840
0x00007d762f658400 0x000000021c955400 0 0 0 0 0 2 0 5018 848
0x00007d762f658480 0x000000021c955480 0 0 0 0 0 2 0 5018 856
0x00007d762f658500 0x000000021c955500 0 1 0 0 0 2 0 5018 848
0x00007d762f658580 0x000000021c955580 0 1 0 0 0 2 0 5018 856
0x00007d762f658600 0x000000021c955600 0 0 1 0 0 2 0 5018 848
0x00007d762f658680 0x000000021c955680 0 0 1 0 0 2 0 5018 856
0x00007d762f658700 0x000000021c955700 0 1 1 0 0 2 0 5018 848
0x00007d762f658780 0x000000021c955780 0 1 1 0 0 2 0 5018 856
0x00007d762f658800 0x000000021c955800 0 0 0 0 0 2 0 5018 864
0x00007d762f658880 0x000000021c955880 0 0 0 0 0 2 0 5018 872
0x00007d762f658900 0x000000021c955900 0 1 0 0 0 2 0 5018 864
0x00007d762f658980 0x000000021c955980 0 1 0 0 0 2 0 5018 872
0x00007d762f658a00 0x000000021c955a00 0 0 1 0 0 2 0 5018 864
0x00007d762f658a80 0x000000021c955a80 0 0 1 0 0 2 0 5018 872
0x00007d762f658b00 0x000000021c955b00 0 1 1 0 0 2 0 5018 864
0x00007d762f658b80 0x000000021c955b80 0 1 1 0 0 2 0 5018 872
0x00007d762f658c00 0x000000021c955c00 0 0 0 0 0 2 0 5018 880
0x00007d762f658c80 0x000000021c955c80 0 0 0 0 0 2 0 5018 888
0x00007d762f658d00 0x000000021c955d00 0 1 0 0 0 2 0 5018 880
0x00007d762f658d80 0x000000021c955d80 0 1 0 0 0 2 0 5018 888
0x00007d762f658e00 0x000000021c955e00 0 0 1 0 0 2 0 5018 880
0x00007d762f658e80 0x000000021c955e80 0 0 1 0 0 2 0 5018 888
0x00007d762f658f00 0x000000021c955f00 0 1 1 0 0 2 0 5018 880
0x00007d762f658f80 0x000000021c955f80 0 1 1 0 0 2 0 5018 888
0x00007d762f668000 0x0000000b0d1ec000 0 0 0 0 1 2 0 41399 256
0x00007d762f668080 0x0000000b0d1ec080 0 0 0 0 1 2 0 41399 264
0x00007d762f668100 0x0000000b0d1ec100 0 1 0 0 1 2 0 41399 256
0x00007d762f668180 0x0000000b0d1ec180 0 1 0 0 1 2 0 41399 264
0x00007d762f668200 0x0000000b0d1ec200 0 0 1 0 1 2 0 41399 256
0x00007d762f668280 0x0000000b0d1ec280 0 0 1 0 1 2 0 41399 264
0x00007d762f668300 0x0000000b0d1ec300 0 1 1 0 1 2 0 41399 256
0x00007d762f668380 0x0000000b0d1ec380 0 1 1 0 1 2 0 41399 264
0x00007d762f668400 0x0000000b0d1ec400 0 0 0 0 1 2 0 41399 272
0x00007d762f668480 0x0000000b0d1ec480 0 0 0 0 1 2 0 41399 280
0x00007d762f668500 0x0000000b0d1ec500 0 1 0 0 1 2 0 41399 272
0x00007d762f668580 0x0000000b0d1ec580 0 1 0 0 1 2 0 41399 280
0x00007d762f668600 0x0000000b0d1ec600 0 0 1 0 1 2 0 41399 272
0x00007d762f668680 0x0000000b0d1ec680 0 0 1 0 1 2 0 41399 280
0x00007d762f668700 0x0000000b0d1ec700 0 1 1 0 1 2 0 41399 272
0x00007d762f668780 0x0000000b0d1ec780 0 1 1 0 1 2 0 41399 280
0x00007d762f668800 0x0000000b0d1ec800 0 0 0 0 1 2 0 41399 288
0x00007d762f668880 0x0000000b0d1ec880 0 0 0 0 1 2 0 41399 296
0x00007d762f668900 0x0000000b0d1ec900 0 1 0 0 1 2 0 41399 288
0x00007d762f668980 0x0000000b0d1ec980 0 1 0 0 1 2 0 41399 296
0x00007d762f668a00 0x0000000b0d1eca00 0 0 1 0 1 2 0 41399 288
0x00007d762f668a80 0x0000000b0d1eca80 0 0 1 0 1 2 0 41399 296
0x00007d762f668b00 0x0000000b0d1ecb00 0 1 1 0 1 2 0 41399 288
0x00007d762f668b80 0x0000000b0d1ecb80 0 1 1 0 1 2 0 41399 296
0x00007d762f668c00 0x0000000b0d1ecc00 0 0 0 0 1 2 0 41399 304
0x00007d762f668c80 0x0000000b0d1ecc80 0 0 0 0 1 2 0 41399 312
0x00007d762f668d00 0x0000000b0d1ecd00 0 1 0 0 1 2 0 41399 304
0x00007d762f668d80 0x0000000b0d1ecd80 0 1 0 0 1 2 0 41399 312
0x00007d762f668e00 0x0000000b0d1ece00 0 0 1 0 1 2 0 41399 304
0x00007d762f668e80 0x0000000b0d1ece80 0 0 1 0 1 2 0 41399 312
0x00007d762f668f00 0x0000000b0d1ecf00 0 1 1 0 1 2 0 41399 304
0x00007d762f668f80 0x0000000b0d1ecf80 0 1 1 0 1 2 0 41399 312
0x00007d762f67b000 0x00000005ea97e000 0 0 0 0 1 2 0 23883 896
0x00007d762f67b080 0x00000005ea97e080 0 0 0 0 1 2 0 23883 904
0x00007d762f67b100 0x00000005ea97e100 0 1 0 0 1 2 0 23883 896
0x00007d762f67b180 0x00000005ea97e180 0 1 0 0 1 2 0 23883 904
0x00007d762f67b200 0x00000005ea97e200 0 0 1 0 1 2 0 23883 896
0x00007d762f67b280 0x00000005ea97e280 0 0 1 0 1 2 0 23883 904
0x00007d762f67b300 0x00000005ea97e300 0 1 1 0 1 2 0 23883 896
0x00007d762f67b380 0x00000005ea97e380 0 1 1 0 1 2 0 23883 904
0x00007d762f67b400 0x00000005ea97e400 0 0 0 0 1 2 0 23883 912
0x00007d762f67b480 0x00000005ea97e480 0 0 0 0 1 2 0 23883 920
0x00007d762f67b500 0x00000005ea97e500 0 1 0 0 1 2 0 23883 912
0x00007d762f67b580 0x00000005ea97e580 0 1 0 0 1 2 0 23883 920
0x00007d762f67b600 0x00000005ea97e600 0 0 1 0 1 2 0 23883 912
0x00007d762f67b680 0x00000005ea97e680 0 0 1 0 1 2 0 23883 920
0x00007d762f67b700 0x00000005ea97e700 0 1 1 0 1 2 0 23883 912
0x00007d762f67b780 0x00000005ea97e780 0 1 1 0 1 2 0 23883 920
0x00007d762f67b800 0x00000005ea97e800 0 0 0 0 1 2 0 23883 928
0x00007d762f67b880 0x00000005ea97e880 0 0 0 0 1 2 0 23883 936
0x00007d762f67b900 0x00000005ea97e900 0 1 0 0 1 2 0 23883 928
0x00007d762f67b980 0x00000005ea97e980 0 1 0 0 1 2 0 23883 936
0x00007d762f67ba00 0x00000005ea97ea00 0 0 1 0 1 2 0 23883 928
0x00007d762f67ba80 0x00000005ea97ea80 0 0 1 0 1 2 0 23883 936
0x00007d762f67bb00 0x00000005ea97eb00 0 1 1 0 1 2 0 23883 928
0x00007d762f67bb80 0x00000005ea97eb80 0 1 1 0 1 2 0 23883 936
0x00007d762f67bc00 0x00000005ea97ec00 0 0 0 0 1 2 0 23883 944
0x00007d762f67bc80 0x00000005ea97ec80 0 0 0 0 1 2 0 23883 952
0x00007d762f67bd00 0x00000005ea97ed00 0 1 0 0 1 2 0 23883 944
0x00007d762f67bd80 0x00000005ea97ed80 0 1 0 0 1 2 0 23883 952
0x00007d762f67be00 0x00000005ea97ee00 0 0 1 0 1 2 0 23883 944
0x00007d762f67be80 0x00000005ea97ee80 0 0 1 0 1 2 0 23883 952
0x00007d762f67bf00 0x00000005ea97ef00 0 1 1 0 1 2 0 23883 944
0x00007d762f67bf80 0x00000005ea97ef80 0 1 1 0 1 2 0 23883 952
0x00007d762f67d000 0x0000000b0d1e7000 0 0 0 0 0 2 0 41399 448
0x00007d762f67d080 0x0000000b0d1e7080 0 0 0 0 0 2 0 41399 456
0x00007d762f67d100 0x0000000b0d1e7100 0 1 0 0 0 2 0 41399 448
0x00007d762f67d180 0x0000000b0d1e7180 0 1 0 0 0 2 0 41399 456
0x00007d762f67d200 0x0000000b0d1e7200 0 0 1 0 0 2 0 41399 448
0x00007d762f67d280 0x0000000b0d1e7280 0 0 1 0 0 2 0 41399 456
0x00007d762f67d300 0x0000000b0d1e7300 0 1 1 0 0 2 0 41399 448
0x00007d762f67d380 0x0000000b0d1e7380 0 1 1 0 0 2 0 41399 456
0x00007d762f67d400 0x0000000b0d1e7400 0 0 0 0 0 2 0 41399 464
0x00007d762f67d480 0x0000000b0d1e7480 0 0 0 0 0 2 0 41399 472
0x00007d762f67d500 0x0000000b0d1e7500 0 1 0 0 0 2 0 41399 464
0x00007d762f67d580 0x0000000b0d1e7580 0 1 0 0 0 2 0 41399 472
0x00007d762f67d600 0x0000000b0d1e7600 0 0 1 0 0 2 0 41399 464
0x00007d762f67d680 0x0000000b0d1e7680 0 0 1 0 0 2 0 41399 472
0x00007d762f67d700 0x0000000b0d1e7700 0 1 1 0 0 2 0 41399 464
0x00007d762f67d780 0x0000000b0d1e7780 0 1 1 0 0 2 0 41399 472
0x00007d762f67d800 0x0000000b0d1e7800 0 0 0 0 0 2 0 41399 480
0x00007d762f67d880 0x0000000b0d1e7880 0 0 0 0 0 2 0 41399 488
0x00007d762f67d900 0x0000000b0d1e7900 0 1 0 0 0 2 0 41399 480
0x00007d762f67d980 0x0000000b0d1e7980 0 1 0 0 0 2 0 41399 488
0x00007d762f67da00 0x0000000b0d1e7a00 0 0 1 0 0 2 0 41399 480
0x00007d762f67da80 0x0000000b0d1e7a80 0 0 1 0 0 2 0 41399 488
0x00007d762f67db00 0x0000000b0d1e7b00 0 1 1 0 0 2 0 41399 480
0x00007d762f67db80 0x0000000b0d1e7b80 0 1 1 0 0 2 0 41399 488
0x00007d762f67dc00 0x0000000b0d1e7c00 0 0 0 0 0 2 0 41399 496
0x00007d762f67dc80 0x0000000b0d1e7c80 0 0 0 0 0 2 0 41399 504
0x00007d762f67dd00 0x0000000b0d1e7d00 0 1 0 0 0 2 0 41399 496
0x00007d762f67dd80 0x0000000b0d1e7d80 0 1 0 0 0 2 0 41399 504
0x00007d762f67de00 0x0000000b0d1e7e00 0 0 1 0 0 2 0 41399 496
0x00007d762f67de80 0x0000000b0d1e7e80 0 0 1 0 0 2 0 41399 504
0x00007d762f67df00 0x0000000b0d1e7f00 0 1 1 0 0 2 0 41399 496
0x00007d762f67df80 0x0000000b0d1e7f80 0 1 1 0 0 2 0 41399 504
0x00007d762f68b000 0x00000005ea97c000 0 0 0 0 1 2 0 23883 768
0x00007d762f68b080 0x00000005ea97c080 0 0 0 0 1 2 0 23883 776
0x00007d762f68b100 0x00000005ea97c100 0 1 0 0 1 2 0 23883 768
0x00007d762f68b180 0x00000005ea97c180 0 1 0 0 1 2 0 23883 776
0x00007d762f68b200 0x00000005ea97c200 0 0 1 0 1 2 0 23883 768
0x00007d762f68b280 0x00000005ea97c280 0 0 1 0 1 2 0 23883 776
0x00007d762f68b300 0x00000005ea97c300 0 1 1 0 1 2 0 23883 768
0x00007d762f68b380 0x00000005ea97c380 0 1 1 0 1 2 0 23883 776
0x00007d762f68b400 0x00000005ea97c400 0 0 0 0 1 2 0 23883 784
0x00007d762f68b480 0x00000005ea97c480 0 0 0 0 1 2 0 23883 792
0x00007d762f68b500 0x00000005ea97c500 0 1 0 0 1 2 0 23883 784
0x00007d762f68b580 0x00000005ea97c580 0 1 0 0 1 2 0 23883 792
0x00007d762f68b600 0x00000005ea97c600 0 0 1 0 1 2 0 23883 784
0x00007d762f68b680 0x00000005ea97c680 0 0 1 0 1 2 0 23883 792
0x00007d762f68b700 0x00000005ea97c700 0 1 1 0 1 2 0 23883 784
0x00007d762f68b780 0x00000005ea97c780 0 1 1 0 1 2 0 23883 792
0x00007d762f68b800 0x00000005ea97c800 0 0 0 0 1 2 0 23883 800
0x00007d762f68b880 0x00000005ea97c880 0 0 0 0 1 2 0 23883 808
0x00007d762f68b900 0x00000005ea97c900 0 1 0 0 1 2 0 23883 800
0x00007d762f68b980 0x00000005ea97c980 0 1 0 0 1 2 0 23883 808
0x00007d762f68ba00 0x00000005ea97ca00 0 0 1 0 1 2 0 23883 800
0x00007d762f68ba80 0x00000005ea97ca80 0 0 1 0 1 2 0 23883 808
0x00007d762f68bb00 0x00000005ea97cb00 0 1 1 0 1 2 0 23883 800
0x00007d762f68bb80 0x00000005ea97cb80 0 1 1 0 1 2 0 23883 808
0x00007d762f68bc00 0x00000005ea97cc00 0 0 0 0 1 2 0 23883 816
0x00007d762f68bc80 0x00000005ea97cc80 0 0 0 0 1 2 0 23883 824
0x00007d762f68bd00 0x00000005ea97cd00 0 1 0 0 1 2 0 23883 816
0x00007d762f68bd80 0x00000005ea97cd80 0 1 0 0 1 2 0 23883 824
0x00007d762f68be00 0x00000005ea97ce00 0 0 1 0 1 2 0 23883 816
0x00007d762f68be80 0x00000005ea97ce80 0 0 1 0 1 2 0 23883 824
0x00007d762f68bf00 0x00000005ea97cf00 0 1 1 0 1 2 0 23883 816
0x00007d762f68bf80 0x00000005ea97cf80 0 1 1 0 1 2 0 23883 824
0x00007d762f68d000 0x0000000cae91a000 0 0 0 0 1 2 0 50632 640
0x00007d762f68d080 0x0000000cae91a080 0 0 0 0 1 2 0 50632 648
0x00007d762f68d100 0x0000000cae91a100 0 1 0 0 1 2 0 50632 640
0x00007d762f68d180 0x0000000cae91a180 0 1 0 0 1 2 0 50632 648
0x00007d762f68d200 0x0000000cae91a200 0 0 1 0 1 2 0 50632 640
0x00007d762f68d280 0x0000000cae91a280 0 0 1 0 1 2 0 50632 648
0x00007d762f68d300 0x0000000cae91a300 0 1 1 0 1 2 0 50632 640
0x00007d762f68d380 0x0000000cae91a380 0 1 1 0 1 2 0 50632 648
0x00007d762f68d400 0x0000000cae91a400 0 0 0 0 1 2 0 50632 656
0x00007d762f68d480 0x0000000cae91a480 0 0 0 0 1 2 0 50632 664
0x00007d762f68d500 0x0000000cae91a500 0 1 0 0 1 2 0 50632 656
0x00007d762f68d580 0x0000000cae91a580 0 1 0 0 1 2 0 50632 664
0x00007d762f68d600 0x0000000cae91a600 0 0 1 0 1 2 0 50632 656
0x00007d762f68d680 0x0000000cae91a680 0 0 1 0 1 2 0 50632 664
0x00007d762f68d700 0x0000000cae91a700 0 1 1 0 1 2 0 50632 656
0x00007d762f68d780 0x0000000cae91a780 0 1 1 0 1 2 0 50632 664
0x00007d762f68d800 0x0000000cae91a800 0 0 0 0 1 2 0 50632 672
0x00007d762f68d880 0x0000000cae91a880 0 0 0 0 1 2 0 50632 680
0x00007d762f68d900 0x0000000cae91a900 0 1 0 0 1 2 0 50632 672
0x00007d762f68d980 0x0000000cae91a980 0 1 0 0 1 2 0 50632 680
0x00007d762f68da00 0x0000000cae91aa00 0 0 1 0 1 2 0 50632 672
0x00007d762f68da80 0x0000000cae91aa80 0 0 1 0 1 2 0 50632 680
0x00007d762f68db00 0x0000000cae91ab00 0 1 1 0 1 2 0 50632 672
0x00007d762f68db80 0x0000000cae91ab80 0 1 1 0 1 2 0 50632 680
0x00007d762f68dc00 0x0000000cae91ac00 0 0 0 0 1 2 0 50632 688
0x00007d762f68dc80 0x0000000cae91ac80 0 0 0 0 1 2 0 50632 696
0x00007d762f68dd00 0x0000000cae91ad00 0 1 0 0 1 2 0 50632 688
0x00007d762f68dd80 0x0000000cae91ad80 0 1 0 0 1 2 0 50632 696
0x00007d762f68de00 0x0000000cae91ae00 0 0 1 0 1 2 0 50632 688
0x00007d762f68de80 0x0000000cae91ae80 0 0 1 0 1 2 0 50632 696
0x00007d762f68df00 0x0000000cae91af00 0 1 1 0 1 2 0 50632 688
0x00007d762f68df80 0x0000000cae91af80 0 1 1 0 1 2 0 50632 696
0x00007d762f6a1000 0x0000000cae91c000 0 0 0 0 1 2 0 50632 768
0x00007d762f6a1080 0x0000000cae91c080 0 0 0 0 1 2 0 50632 776
0x00007d762f6a1100 0x0000000cae91c100 0 1 0 0 1 2 0 50632 768
0x00007d762f6a1180 0x0000000cae91c180 0 1 0 0 1 2 0 50632 776
0x00007d762f6a1200 0x0000000cae91c200 0 0 1 0 1 2 0 50632 768
0x00007d762f6a1280 0x0000000cae91c280 0 0 1 0 1 2 0 50632 776
0x00007d762f6a1300 0x0000000cae91c300 0 1 1 0 1 2 0 50632 768
0x00007d762f6a1380 0x0000000cae91c380 0 1 1 0 1 2 0 50632 776
0x00007d762f6a1400 0x0000000cae91c400 0 0 0 0 1 2 0 50632 784
0x00007d762f6a1480 0x0000000cae91c480 0 0 0 0 1 2 0 50632 792
0x00007d762f6a1500 0x0000000cae91c500 0 1 0 0 1 2 0 50632 784
0x00007d762f6a1580 0x0000000cae91c580 0 1 0 0 1 2 0 50632 792
0x00007d762f6a1600 0x0000000cae91c600 0 0 1 0 1 2 0 50632 784
0x00007d762f6a1680 0x0000000cae91c680 0 0 1 0 1 2 0 50632 792
0x00007d762f6a1700 0x0000000cae91c700 0 1 1 0 1 2 0 50632 784
0x00007d762f6a1780 0x0000000cae91c780 0 1 1 0 1 2 0 50632 792
0x00007d762f6a1800 0x0000000cae91c800 0 0 0 0 1 2 0 50632 800
0x00007d762f6a1880 0x0000000cae91c880 0 0 0 0 1 2 0 50632 808
0x00007d762f6a1900 0x0000000cae91c900 0 1 0 0 1 2 0 50632 800
0x00007d762f6a1980 0x0000000cae91c980 0 1 0 0 1 2 0 50632 808
0x00007d762f6a1a00 0x0000000cae91ca00 0 0 1 0 1 2 0 50632 800
0x00007d762f6a1a80 0x0000000cae91ca80 0 0 1 0 1 2 0 50632 808
0x00007d762f6a1b00 0x0000000cae91cb00 0 1 1 0 1 2 0 50632 800
0x00007d762f6a1b80 0x0000000cae91cb80 0 1 1 0 1 2 0 50632 808
0x00007d762f6a1c00 0x0000000cae91cc00 0 0 0 0 1 2 0 50632 816
0x00007d762f6a1c80 0x0000000cae91cc80 0 0 0 0 1 2 0 50632 824
0x00007d762f6a1d00 0x0000000cae91cd00 0 1 0 0 1 2 0 50632 816
0x00007d762f6a1d80 0x0000000cae91cd80 0 1 0 0 1 2 0 50632 824
0x00007d762f6a1e00 0x0000000cae91ce00 0 0 1 0 1 2 0 50632 816
0x00007d762f6a1e80 0x0000000cae91ce80 0 0 1 0 1 2 0 50632 824
0x00007d762f6a1f00 0x0000000cae91cf00 0 1 1 0 1 2 0 50632 816
0x00007d762f6a1f80 0x0000000cae91cf80 0 1 1 0 1 2 0 50632 824
0x00007d762f6cf000 0x0000000cae91b000 0 0 0 0 1 2 0 50632 704
0x00007d762f6cf080 0x0000000cae91b080 0 0 0 0 1 2 0 50632 712
0x00007d762f6cf100 0x0000000cae91b100 0 1 0 0 1 2 0 50632 704
0x00007d762f6cf180 0x0000000cae91b180 0 1 0 0 1 2 0 50632 712
0x00007d762f6cf200 0x0000000cae91b200 0 0 1 0 1 2 0 50632 704
0x00007d762f6cf280 0x0000000cae91b280 0 0 1 0 1 2 0 50632 712
0x00007d762f6cf300 0x0000000cae91b300 0 1 1 0 1 2 0 50632 704
0x00007d762f6cf380 0x0000000cae91b380 0 1 1 0 1 2 0 50632 712
0x00007d762f6cf400 0x0000000cae91b400 0 0 0 0 1 2 0 50632 720
0x00007d762f6cf480 0x0000000cae91b480 0 0 0 0 1 2 0 50632 728
0x00007d762f6cf500 0x0000000cae91b500 0 1 0 0 1 2 0 50632 720
0x00007d762f6cf580 0x0000000cae91b580 0 1 0 0 1 2 0 50632 728
0x00007d762f6cf600 0x0000000cae91b600 0 0 1 0 1 2 0 50632 720
0x00007d762f6cf680 0x0000000cae91b680 0 0 1 0 1 2 0 50632 728
0x00007d762f6cf700 0x0000000cae91b700 0 1 1 0 1 2 0 50632 720
0x00007d762f6cf780 0x0000000cae91b780 0 1 1 0 1 2 0 50632 728
0x00007d762f6cf800 0x0000000cae91b800 0 0 0 0 1 2 0 50632 736
0x00007d762f6cf880 0x0000000cae91b880 0 0 0 0 1 2 0 50632 744
0x00007d762f6cf900 0x0000000cae91b900 0 1 0 0 1 2 0 50632 736
0x00007d762f6cf980 0x0000000cae91b980 0 1 0 0 1 2 0 50632 744
0x00007d762f6cfa00 0x0000000cae91ba00 0 0 1 0 1 2 0 50632 736
0x00007d762f6cfa80 0x0000000cae91ba80 0 0 1 0 1 2 0 50632 744
0x00007d762f6cfb00 0x0000000cae91bb00 0 1 1 0 1 2 0 50632 736
0x00007d762f6cfb80 0x0000000cae91bb80 0 1 1 0 1 2 0 50632 744
0x00007d762f6cfc00 0x0000000cae91bc00 0 0 0 0 1 2 0 50632 752
0x00007d762f6cfc80 0x0000000cae91bc80 0 0 0 0 1 2 0 50632 760
0x00007d762f6cfd00 0x0000000cae91bd00 0 1 0 0 1 2 0 50632 752
0x00007d762f6cfd80 0x0000000cae91bd80 0 1 0 0 1 2 0 50632 760
0x00007d762f6cfe00 0x0000000cae91be00 0 0 1 0 1 2 0 50632 752
0x00007d762f6cfe80 0x0000000cae91be80 0 0 1 0 1 2 0 50632 760
0x00007d762f6cff00 0x0000000cae91bf00 0 1 1 0 1 2 0 50632 752
0x00007d762f6cff80 0x0000000cae91bf80 0 1 1 0 1 2 0 50632 760
0x00007d762f709000 0x0000000b0d1ef000 0 0 0 0 1 2 0 41399 448
0x00007d762f709080 0x0000000b0d1ef080 0 0 0 0 1 2 0 41399 456
0x00007d762f709100 0x0000000b0d1ef100 0 1 0 0 1 2 0 41399 448
0x00007d762f709180 0x0000000b0d1ef180 0 1 0 0 1 2 0 41399 456
0x00007d762f709200 0x0000000b0d1ef200 0 0 1 0 1 2 0 41399 448
0x00007d762f709280 0x0000000b0d1ef280 0 0 1 0 1 2 0 41399 456
0x00007d762f709300 0x0000000b0d1ef300 0 1 1 0 1 2 0 41399 448
0x00007d762f709380 0x0000000b0d1ef380 0 1 1 0 1 2 0 41399 456
0x00007d762f709400 0x0000000b0d1ef400 0 0 0 0 1 2 0 41399 464
0x00007d762f709480 0x0000000b0d1ef480 0 0 0 0 1 2 0 41399 472
0x00007d762f709500 0x0000000b0d1ef500 0 1 0 0 1 2 0 41399 464
0x00007d762f709580 0x0000000b0d1ef580 0 1 0 0 1 2 0 41399 472
0x00007d762f709600 0x0000000b0d1ef600 0 0 1 0 1 2 0 41399 464
0x00007d762f709680 0x0000000b0d1ef680 0 0 1 0 1 2 0 41399 472
0x00007d762f709700 0x0000000b0d1ef700 0 1 1 0 1 2 0 41399 464
0x00007d762f709780 0x0000000b0d1ef780 0 1 1 0 1 2 0 41399 472
0x00007d762f709800 0x0000000b0d1ef800 0 0 0 0 1 2 0 41399 480
0x00007d762f709880 0x0000000b0d1ef880 0 0 0 0 1 2 0 41399 488
0x00007d762f709900 0x0000000b0d1ef900 0 1 0 0 1 2 0 41399 480
0x00007d762f709980 0x0000000b0d1ef980 0 1 0 0 1 2 0 41399 488
0x00007d762f709a00 0x0000000b0d1efa00 0 0 1 0 1 2 0 41399 480
0x00007d762f709a80 0x0000000b0d1efa80 0 0 1 0 1 2 0 41399 488
0x00007d762f709b00 0x0000000b0d1efb00 0 1 1 0 1 2 0 41399 480
0x00007d762f709b80 0x0000000b0d1efb80 0 1 1 0 1 2 0 41399 488
0x00007d762f709c00 0x0000000b0d1efc00 0 0 0 0 1 2 0 41399 496
0x00007d762f709c80 0x0000000b0d1efc80 0 0 0 0 1 2 0 41399 504
0x00007d762f709d00 0x0000000b0d1efd00 0 1 0 0 1 2 0 41399 496
0x00007d762f709d80 0x0000000b0d1efd80 0 1 0 0 1 2 0 41399 504
0x00007d762f709e00 0x0000000b0d1efe00 0 0 1 0 1 2 0 41399 496
0x00007d762f709e80 0x0000000b0d1efe80 0 0 1 0 1 2 0 41399 504
0x00007d762f709f00 0x0000000b0d1eff00 0 1 1 0 1 2 0 41399 496
0x00007d762f709f80 0x0000000b0d1eff80 0 1 1 0 1 2 0 41399 504
0x00007d762f73f000 0x0000000cae911000 0 0 0 0 0 2 0 50632 576
0x00007d762f73f080 0x0000000cae911080 0 0 0 0 0 2 0 50632 584
0x00007d762f73f100 0x0000000cae911100 0 1 0 0 0 2 0 50632 576
0x00007d762f73f180 0x0000000cae911180 0 1 0 0 0 2 0 50632 584
0x00007d762f73f200 0x0000000cae911200 0 0 1 0 0 2 0 50632 576
0x00007d762f73f280 0x0000000cae911280 0 0 1 0 0 2 0 50632 584
0x00007d762f73f300 0x0000000cae911300 0 1 1 0 0 2 0 50632 576
0x00007d762f73f380 0x0000000cae911380 0 1 1 0 0 2 0 50632 584
0x00007d762f73f400 0x0000000cae911400 0 0 0 0 0 2 0 50632 592
0x00007d762f73f480 0x0000000cae911480 0 0 0 0 0 2 0 50632 600
0x00007d762f73f500 0x0000000cae911500 0 1 0 0 0 2 0 50632 592
0x00007d762f73f580 0x0000000cae911580 0 1 0 0 0 2 0 50632 600
0x00007d762f73f600 0x0000000cae911600 0 0 1 0 0 2 0 50632 592
0x00007d762f73f680 0x0000000cae911680 0 0 1 0 0 2 0 50632 600
0x00007d762f73f700 0x0000000cae911700 0 1 1 0 0 2 0 50632 592
0x00007d762f73f780 0x0000000cae911780 0 1 1 0 0 2 0 50632 600
0x00007d762f73f800 0x0000000cae911800 0 0 0 0 0 2 0 50632 608
0x00007d762f73f880 0x0000000cae911880 0 0 0 0 0 2 0 50632 616
0x00007d762f73f900 0x0000000cae911900 0 1 0 0 0 2 0 50632 608
0x00007d762f73f980 0x0000000cae911980 0 1 0 0 0 2 0 50632 616
0x00007d762f73fa00 0x0000000cae911a00 0 0 1 0 0 2 0 50632 608
0x00007d762f73fa80 0x0000000cae911a80 0 0 1 0 0 2 0 50632 616
0x00007d762f73fb00 0x0000000cae911b00 0 1 1 0 0 2 0 50632 608
0x00007d762f73fb80 0x0000000cae911b80 0 1 1 0 0 2 0 50632 616
0x00007d762f73fc00 0x0000000cae911c00 0 0 0 0 0 2 0 50632 624
0x00007d762f73fc80 0x0000000cae911c80 0 0 0 0 0 2 0 50632 632
0x00007d762f73fd00 0x0000000cae911d00 0 1 0 0 0 2 0 50632 624
0x00007d762f73fd80 0x0000000cae911d80 0 1 0 0 0 2 0 50632 632
0x00007d762f73fe00 0x0000000cae911e00 0 0 1 0 0 2 0 50632 624
0x00007d762f73fe80 0x0000000cae911e80 0 0 1 0 0 2 0 50632 632
0x00007d762f73ff00 0x0000000cae911f00 0 1 1 0 0 2 0 50632 624
0x00007d762f73ff80 0x0000000cae911f80 0 1 1 0 0 2 0 50632 632
0x00007d762f744000 0x0000000b4a9b4000 0 0 0 0 0 2 0 43357 768
0x00007d762f744080 0x0000000b4a9b4080 0 0 0 0 0 2 0 43357 776
0x00007d762f744100 0x0000000b4a9b4100 0 1 0 0 0 2 0 43357 768
0x00007d762f744180 0x0000000b4a9b4180 0 1 0 0 0 2 0 43357 776
0x00007d762f744200 0x0000000b4a9b4200 0 0 1 0 0 2 0 43357 768
0x00007d762f744280 0x0000000b4a9b4280 0 0 1 0 0 2 0 43357 776
0x00007d762f744300 0x0000000b4a9b4300 0 1 1 0 0 2 0 43357 768
0x00007d762f744380 0x0000000b4a9b4380 0 1 1 0 0 2 0 43357 776
0x00007d762f744400 0x0000000b4a9b4400 0 0 0 0 0 2 0 43357 784
0x00007d762f744480 0x0000000b4a9b4480 0 0 0 0 0 2 0 43357 792
0x00007d762f744500 0x0000000b4a9b4500 0 1 0 0 0 2 0 43357 784
0x00007d762f744580 0x0000000b4a9b4580 0 1 0 0 0 2 0 43357 792
0x00007d762f744600 0x0000000b4a9b4600 0 0 1 0 0 2 0 43357 784
0x00007d762f744680 0x0000000b4a9b4680 0 0 1 0 0 2 0 43357 792
0x00007d762f744700 0x0000000b4a9b4700 0 1 1 0 0 2 0 43357 784
0x00007d762f744780 0x0000000b4a9b4780 0 1 1 0 0 2 0 43357 792
0x00007d762f744800 0x0000000b4a9b4800 0 0 0 0 0 2 0 43357 800
0x00007d762f744880 0x0000000b4a9b4880 0 0 0 0 0 2 0 43357 808
0x00007d762f744900 0x0000000b4a9b4900 0 1 0 0 0 2 0 43357 800
0x00007d762f744980 0x0000000b4a9b4980 0 1 0 0 0 2 0 43357 808
0x00007d762f744a00 0x0000000b4a9b4a00 0 0 1 0 0 2 0 43357 800
0x00007d762f744a80 0x0000000b4a9b4a80 0 0 1 0 0 2 0 43357 808
0x00007d762f744b00 0x0000000b4a9b4b00 0 1 1 0 0 2 0 43357 800
0x00007d762f744b80 0x0000000b4a9b4b80 0 1 1 0 0 2 0 43357 808
0x00007d762f744c00 0x0000000b4a9b4c00 0 0 0 0 0 2 0 43357 816
0x00007d762f744c80 0x0000000b4a9b4c80 0 0 0 0 0 2 0 43357 824
0x00007d762f744d00 0x0000000b4a9b4d00 0 1 0 0 0 2 0 43357 816
0x00007d762f744d80 0x0000000b4a9b4d80 0 1 0 0 0 2 0 43357 824
0x00007d762f744e00 0x0000000b4a9b4e00 0 0 1 0 0 2 0 43357 816
0x00007d762f744e80 0x0000000b4a9b4e80 0 0 1 0 0 2 0 43357 824
0x00007d762f744f00 0x0000000b4a9b4f00 0 1 1 0 0 2 0 43357 816
0x00007d762f744f80 0x0000000b4a9b4f80 0 1 1 0 0 2 0 43357 824
0x00007d762f747000 0x0000000b0d1e9000 0 0 0 0 1 2 0 41399 64
0x00007d762f747080 0x0000000b0d1e9080 0 0 0 0 1 2 0 41399 72
0x00007d762f747100 0x0000000b0d1e9100 0 1 0 0 1 2 0 41399 64
0x00007d762f747180 0x0000000b0d1e9180 0 1 0 0 1 2 0 41399 72
0x00007d762f747200 0x0000000b0d1e9200 0 0 1 0 1 2 0 41399 64
0x00007d762f747280 0x0000000b0d1e9280 0 0 1 0 1 2 0 41399 72
0x00007d762f747300 0x0000000b0d1e9300 0 1 1 0 1 2 0 41399 64
0x00007d762f747380 0x0000000b0d1e9380 0 1 1 0 1 2 0 41399 72
0x00007d762f747400 0x0000000b0d1e9400 0 0 0 0 1 2 0 41399 80
0x00007d762f747480 0x0000000b0d1e9480 0 0 0 0 1 2 0 41399 88
0x00007d762f747500 0x0000000b0d1e9500 0 1 0 0 1 2 0 41399 80
0x00007d762f747580 0x0000000b0d1e9580 0 1 0 0 1 2 0 41399 88
0x00007d762f747600 0x0000000b0d1e9600 0 0 1 0 1 2 0 41399 80
0x00007d762f747680 0x0000000b0d1e9680 0 0 1 0 1 2 0 41399 88
0x00007d762f747700 0x0000000b0d1e9700 0 1 1 0 1 2 0 41399 80
0x00007d762f747780 0x0000000b0d1e9780 0 1 1 0 1 2 0 41399 88
0x00007d762f747800 0x0000000b0d1e9800 0 0 0 0 1 2 0 41399 96
0x00007d762f747880 0x0000000b0d1e9880 0 0 0 0 1 2 0 41399 104
0x00007d762f747900 0x0000000b0d1e9900 0 1 0 0 1 2 0 41399 96
0x00007d762f747980 0x0000000b0d1e9980 0 1 0 0 1 2 0 41399 104
0x00007d762f747a00 0x0000000b0d1e9a00 0 0 1 0 1 2 0 41399 96
0x00007d762f747a80 0x0000000b0d1e9a80 0 0 1 0 1 2 0 41399 104
0x00007d762f747b00 0x0000000b0d1e9b00 0 1 1 0 1 2 0 41399 96
0x00007d762f747b80 0x0000000b0d1e9b80 0 1 1 0 1 2 0 41399 104
0x00007d762f747c00 0x0000000b0d1e9c00 0 0 0 0 1 2 0 41399 112
0x00007d762f747c80 0x0000000b0d1e9c80 0 0 0 0 1 2 0 41399 120
0x00007d762f747d00 0x0000000b0d1e9d00 0 1 0 0 1 2 0 41399 112
0x00007d762f747d80 0x0000000b0d1e9d80 0 1 0 0 1 2 0 41399 120
0x00007d762f747e00 0x0000000b0d1e9e00 0 0 1 0 1 2 0 41399 112
0x00007d762f747e80 0x0000000b0d1e9e80 0 0 1 0 1 2 0 41399 120
0x00007d762f747f00 0x0000000b0d1e9f00 0 1 1 0 1 2 0 41399 112
0x00007d762f747f80 0x0000000b0d1e9f80 0 1 1 0 1 2 0 41399 120
0x00007d762f753000 0x000000021c954000 0 0 0 0 0 2 0 5018 768
0x00007d762f753080 0x000000021c954080 0 0 0 0 0 2 0 5018 776
0x00007d762f753100 0x000000021c954100 0 1 0 0 0 2 0 5018 768
0x00007d762f753180 0x000000021c954180 0 1 0 0 0 2 0 5018 776
0x00007d762f753200 0x000000021c954200 0 0 1 0 0 2 0 5018 768
0x00007d762f753280 0x000000021c954280 0 0 1 0 0 2 0 5018 776
0x00007d762f753300 0x000000021c954300 0 1 1 0 0 2 0 5018 768
0x00007d762f753380 0x000000021c954380 0 1 1 0 0 2 0 5018 776
0x00007d762f753400 0x000000021c954400 0 0 0 0 0 2 0 5018 784
0x00007d762f753480 0x000000021c954480 0 0 0 0 0 2 0 5018 792
0x00007d762f753500 0x000000021c954500 0 1 0 0 0 2 0 5018 784
0x00007d762f753580 0x000000021c954580 0 1 0 0 0 2 0 5018 792
0x00007d762f753600 0x000000021c954600 0 0 1 0 0 2 0 5018 784
0x00007d762f753680 0x000000021c954680 0 0 1 0 0 2 0 5018 792
0x00007d762f753700 0x000000021c954700 0 1 1 0 0 2 0 5018 784
0x00007d762f753780 0x000000021c954780 0 1 1 0 0 2 0 5018 792
0x00007d762f753800 0x000000021c954800 0 0 0 0 0 2 0 5018 800
0x00007d762f753880 0x000000021c954880 0 0 0 0 0 2 0 5018 808
0x00007d762f753900 0x000000021c954900 0 1 0 0 0 2 0 5018 800
0x00007d762f753980 0x000000021c954980 0 1 0 0 0 2 0 5018 808
0x00007d762f753a00 0x000000021c954a00 0 0 1 0 0 2 0 5018 800
0x00007d762f753a80 0x000000021c954a80 0 0 1 0 0 2 0 5018 808
0x00007d762f753b00 0x000000021c954b00 0 1 1 0 0 2 0 5018 800
0x00007d762f753b80 0x000000021c954b80 0 1 1 0 0 2 0 5018 808
0x00007d762f753c00 0x000000021c954c00 0 0 0 0 0 2 0 5018 816
0x00007d762f753c80 0x000000021c954c80 0 0 0 0 0 2 0 5018 824
0x00007d762f753d00 0x000000021c954d00 0 1 0 0 0 2 0 5018 816
0x00007d762f753d80 0x000000021c954d80 0 1 0 0 0 2 0 5018 824
0x00007d762f753e00 0x000000021c954e00 0 0 1 0 0 2 0 5018 816
0x00007d762f753e80 0x000000021c954e80 0 0 1 0 0 2 0 5018 824
0x00007d762f753f00 0x000000021c954f00 0 1 1 0 0 2 0 5018 816
0x00007d762f753f80 0x000000021c954f80 0 1 1 0 0 2 0 5018 824
0x00007d762f75e000 0x0000000b0d1e3000 0 0 0 0 0 2 0 41399 192
0x00007d762f75e080 0x0000000b0d1e3080 0 0 0 0 0 2 0 41399 200
0x00007d762f75e100 0x0000000b0d1e3100 0 1 0 0 0 2 0 41399 192
0x00007d762f75e180 0x0000000b0d1e3180 0 1 0 0 0 2 0 41399 200
0x00007d762f75e200 0x0000000b0d1e3200 0 0 1 0 0 2 0 41399 192
0x00007d762f75e280 0x0000000b0d1e3280 0 0 1 0 0 2 0 41399 200
0x00007d762f75e300 0x0000000b0d1e3300 0 1 1 0 0 2 0 41399 192
0x00007d762f75e380 0x0000000b0d1e3380 0 1 1 0 0 2 0 41399 200
0x00007d762f75e400 0x0000000b0d1e3400 0 0 0 0 0 2 0 41399 208
0x00007d762f75e480 0x0000000b0d1e3480 0 0 0 0 0 2 0 41399 216
0x00007d762f75e500 0x0000000b0d1e3500 0 1 0 0 0 2 0 41399 208
0x00007d762f75e580 0x0000000b0d1e3580 0 1 0 0 0 2 0 41399 216
0x00007d762f75e600 0x0000000b0d1e3600 0 0 1 0 0 2 0 41399 208
0x00007d762f75e680 0x0000000b0d1e3680 0 0 1 0 0 2 0 41399 216
0x00007d762f75e700 0x0000000b0d1e3700 0 1 1 0 0 2 0 41399 208
0x00007d762f75e780 0x0000000b0d1e3780 0 1 1 0 0 2 0 41399 216
0x00007d762f75e800 0x0000000b0d1e3800 0 0 0 0 0 2 0 41399 224
0x00007d762f75e880 0x0000000b0d1e3880 0 0 0 0 0 2 0 41399 232
0x00007d762f75e900 0x0000000b0d1e3900 0 1 0 0 0 2 0 41399 224
0x00007d762f75e980 0x0000000b0d1e3980 0 1 0 0 0 2 0 41399 232
0x00007d762f75ea00 0x0000000b0d1e3a00 0 0 1 0 0 2 0 41399 224
0x00007d762f75ea80 0x0000000b0d1e3a80 0 0 1 0 0 2 0 41399 232
0x00007d762f75eb00 0x0000000b0d1e3b00 0 1 1 0 0 2 0 41399 224
0x00007d762f75eb80 0x0000000b0d1e3b80 0 1 1 0 0 2 0 41399 232
0x00007d762f75ec00 0x0000000b0d1e3c00 0 0 0 0 0 2 0 41399 240
0x00007d762f75ec80 0x0000000b0d1e3c80 0 0 0 0 0 2 0 41399 248
0x00007d762f75ed00 0x0000000b0d1e3d00 0 1 0 0 0 2 0 41399 240
0x00007d762f75ed80 0x0000000b0d1e3d80 0 1 0 0 0 2 0 41399 248
0x00007d762f75ee00 0x0000000b0d1e3e00 0 0 1 0 0 2 0 41399 240
0x00007d762f75ee80 0x0000000b0d1e3e80 0 0 1 0 0 2 0 41399 248
0x00007d762f75ef00 0x0000000b0d1e3f00 0 1 1 0 0 2 0 41399 240
0x00007d762f75ef80 0x0000000b0d1e3f80 0 1 1 0 0 2 0 41399 248
0x00007d762f75f000 0x0000000b0d1ee000 0 0 0 0 1 2 0 41399 384
0x00007d762f75f080 0x0000000b0d1ee080 0 0 0 0 1 2 0 41399 392
0x00007d762f75f100 0x0000000b0d1ee100 0 1 0 0 1 2 0 41399 384
0x00007d762f75f180 0x0000000b0d1ee180 0 1 0 0 1 2 0 41399 392
0x00007d762f75f200 0x0000000b0d1ee200 0 0 1 0 1 2 0 41399 384
0x00007d762f75f280 0x0000000b0d1ee280 0 0 1 0 1 2 0 41399 392
0x00007d762f75f300 0x0000000b0d1ee300 0 1 1 0 1 2 0 41399 384
0x00007d762f75f380 0x0000000b0d1ee380 0 1 1 0 1 2 0 41399 392
0x00007d762f75f400 0x0000000b0d1ee400 0 0 0 0 1 2 0 41399 400
0x00007d762f75f480 0x0000000b0d1ee480 0 0 0 0 1 2 0 41399 408
0x00007d762f75f500 0x0000000b0d1ee500 0 1 0 0 1 2 0 41399 400
0x00007d762f75f580 0x0000000b0d1ee580 0 1 0 0 1 2 0 41399 408
0x00007d762f75f600 0x0000000b0d1ee600 0 0 1 0 1 2 0 41399 400
0x00007d762f75f680 0x0000000b0d1ee680 0 0 1 0 1 2 0 41399 408
0x00007d762f75f700 0x0000000b0d1ee700 0 1 1 0 1 2 0 41399 400
0x00007d762f75f780 0x0000000b0d1ee780 0 1 1 0 1 2 0 41399 408
0x00007d762f75f800 0x0000000b0d1ee800 0 0 0 0 1 2 0 41399 416
0x00007d762f75f880 0x0000000b0d1ee880 0 0 0 0 1 2 0 41399 424
0x00007d762f75f900 0x0000000b0d1ee900 0 1 0 0 1 2 0 41399 416
0x00007d762f75f980 0x0000000b0d1ee980 0 1 0 0 1 2 0 41399 424
0x00007d762f75fa00 0x0000000b0d1eea00 0 0 1 0 1 2 0 41399 416
0x00007d762f75fa80 0x0000000b0d1eea80 0 0 1 0 1 2 0 41399 424
0x00007d762f75fb00 0x0000000b0d1eeb00 0 1 1 0 1 2 0 41399 416
0x00007d762f75fb80 0x0000000b0d1eeb80 0 1 1 0 1 2 0 41399 424
0x00007d762f75fc00 0x0000000b0d1eec00 0 0 0 0 1 2 0 41399 432
0x00007d762f75fc80 0x0000000b0d1eec80 0 0 0 0 1 2 0 41399 440
0x00007d762f75fd00 0x0000000b0d1eed00 0 1 0 0 1 2 0 41399 432
0x00007d762f75fd80 0x0000000b0d1eed80 0 1 0 0 1 2 0 41399 440
0x00007d762f75fe00 0x0000000b0d1eee00 0 0 1 0 1 2 0 41399 432
0x00007d762f75fe80 0x0000000b0d1eee80 0 0 1 0 1 2 0 41399 440
0x00007d762f75ff00 0x0000000b0d1eef00 0 1 1 0 1 2 0 41399 432
0x00007d762f75ff80 0x0000000b0d1eef80 0 1 1 0 1 2 0 41399 440
0x00007d762f768000 0x0000000cae91d000 0 0 0 0 1 2 0 50632 832
0x00007d762f768080 0x0000000cae91d080 0 0 0 0 1 2 0 50632 840
0x00007d762f768100 0x0000000cae91d100 0 1 0 0 1 2 0 50632 832
0x00007d762f768180 0x0000000cae91d180 0 1 0 0 1 2 0 50632 840
0x00007d762f768200 0x0000000cae91d200 0 0 1 0 1 2 0 50632 832
0x00007d762f768280 0x0000000cae91d280 0 0 1 0 1 2 0 50632 840
0x00007d762f768300 0x0000000cae91d300 0 1 1 0 1 2 0 50632 832
0x00007d762f768380 0x0000000cae91d380 0 1 1 0 1 2 0 50632 840
0x00007d762f768400 0x0000000cae91d400 0 0 0 0 1 2 0 50632 848
0x00007d762f768480 0x0000000cae91d480 0 0 0 0 1 2 0 50632 856
0x00007d762f768500 0x0000000cae91d500 0 1 0 0 1 2 0 50632 848
0x00007d762f768580 0x0000000cae91d580 0 1 0 0 1 2 0 50632 856
0x00007d762f768600 0x0000000cae91d600 0 0 1 0 1 2 0 50632 848
0x00007d762f768680 0x0000000cae91d680 0 0 1 0 1 2 0 50632 856
0x00007d762f768700 0x0000000cae91d700 0 1 1 0 1 2 0 50632 848
0x00007d762f768780 0x0000000cae91d780 0 1 1 0 1 2 0 50632 856
0x00007d762f768800 0x0000000cae91d800 0 0 0 0 1 2 0 50632 864
0x00007d762f768880 0x0000000cae91d880 0 0 0 0 1 2 0 50632 872
0x00007d762f768900 0x0000000cae91d900 0 1 0 0 1 2 0 50632 864
0x00007d762f768980 0x0000000cae91d980 0 1 0 0 1 2 0 50632 872
0x00007d762f768a00 0x0000000cae91da00 0 0 1 0 1 2 0 50632 864
0x00007d762f768a80 0x0000000cae91da80 0 0 1 0 1 2 0 50632 872
0x00007d762f768b00 0x0000000cae91db00 0 1 1 0 1 2 0 50632 864
0x00007d762f768b80 0x0000000cae91db80 0 1 1 0 1 2 0 50632 872
0x00007d762f768c00 0x0000000cae91dc00 0 0 0 0 1 2 0 50632 880
0x00007d762f768c80 0x0000000cae91dc80 0 0 0 0 1 2 0 50632 888
0x00007d762f768d00 0x0000000cae91dd00 0 1 0 0 1 2 0 50632 880
0x00007d762f768d80 0x0000000cae91dd80 0 1 0 0 1 2 0 50632 888
0x00007d762f768e00 0x0000000cae91de00 0 0 1 0 1 2 0 50632 880
0x00007d762f768e80 0x0000000cae91de80 0 0 1 0 1 2 0 50632 888
0x00007d762f768f00 0x0000000cae91df00 0 1 1 0 1 2 0 50632 880
0x00007d762f768f80 0x0000000cae91df80 0 1 1 0 1 2 0 50632 888
0x00007d762f772000 0x000000080391c000 0 0 0 0 1 2 0 28792 768
0x00007d762f772080 0x000000080391c080 0 0 0 0 1 2 0 28792 776
0x00007d762f772100 0x000000080391c100 0 1 0 0 1 2 0 28792 768
0x00007d762f772180 0x000000080391c180 0 1 0 0 1 2 0 28792 776
0x00007d762f772200 0x000000080391c200 0 0 1 0 1 2 0 28792 768
0x00007d762f772280 0x000000080391c280 0 0 1 0 1 2 0 28792 776
0x00007d762f772300 0x000000080391c300 0 1 1 0 1 2 0 28792 768
0x00007d762f772380 0x000000080391c380 0 1 1 0 1 2 0 28792 776
0x00007d762f772400 0x000000080391c400 0 0 0 0 1 2 0 28792 784
0x00007d762f772480 0x000000080391c480 0 0 0 0 1 2 0 28792 792
0x00007d762f772500 0x000000080391c500 0 1 0 0 1 2 0 28792 784
0x00007d762f772580 0x000000080391c580 0 1 0 0 1 2 0 28792 792
0x00007d762f772600 0x000000080391c600 0 0 1 0 1 2 0 28792 784
0x00007d762f772680 0x000000080391c680 0 0 1 0 1 2 0 28792 792
0x00007d762f772700 0x000000080391c700 0 1 1 0 1 2 0 28792 784
0x00007d762f772780 0x000000080391c780 0 1 1 0 1 2 0 28792 792
0x00007d762f772800 0x000000080391c800 0 0 0 0 1 2 0 28792 800
0x00007d762f772880 0x000000080391c880 0 0 0 0 1 2 0 28792 808
0x00007d762f772900 0x000000080391c900 0 1 0 0 1 2 0 28792 800
0x00007d762f772980 0x000000080391c980 0 1 0 0 1 2 0 28792 808
0x00007d762f772a00 0x000000080391ca00 0 0 1 0 1 2 0 28792 800
0x00007d762f772a80 0x000000080391ca80 0 0 1 0 1 2 0 28792 808
0x00007d762f772b00 0x000000080391cb00 0 1 1 0 1 2 0 28792 800
0x00007d762f772b80 0x000000080391cb80 0 1 1 0 1 2 0 28792 808
0x00007d762f772c00 0x000000080391cc00 0 0 0 0 1 2 0 28792 816
0x00007d762f772c80 0x000000080391cc80 0 0 0 0 1 2 0 28792 824
0x00007d762f772d00 0x000000080391cd00 0 1 0 0 1 2 0 28792 816
0x00007d762f772d80 0x000000080391cd80 0 1 0 0 1 2 0 28792 824
0x00007d762f772e00 0x000000080391ce00 0 0 1 0 1 2 0 28792 816
0x00007d762f772e80 0x000000080391ce80 0 0 1 0 1 2 0 28792 824
0x00007d762f772f00 0x000000080391cf00 0 1 1 0 1 2 0 28792 816
0x00007d762f772f80 0x000000080391cf80 0 1 1 0 1 2 0 28792 824
0x00007d762f775000 0x0000000b0d1e2000 0 0 0 0 0 2 0 41399 128
0x00007d762f775080 0x0000000b0d1e2080 0 0 0 0 0 2 0 41399 136
0x00007d762f775100 0x0000000b0d1e2100 0 1 0 0 0 2 0 41399 128
0x00007d762f775180 0x0000000b0d1e2180 0 1 0 0 0 2 0 41399 136
0x00007d762f775200 0x0000000b0d1e2200 0 0 1 0 0 2 0 41399 128
0x00007d762f775280 0x0000000b0d1e2280 0 0 1 0 0 2 0 41399 136
0x00007d762f775300 0x0000000b0d1e2300 0 1 1 0 0 2 0 41399 128
0x00007d762f775380 0x0000000b0d1e2380 0 1 1 0 0 2 0 41399 136
0x00007d762f775400 0x0000000b0d1e2400 0 0 0 0 0 2 0 41399 144
0x00007d762f775480 0x0000000b0d1e2480 0 0 0 0 0 2 0 41399 152
0x00007d762f775500 0x0000000b0d1e2500 0 1 0 0 0 2 0 41399 144
0x00007d762f775580 0x0000000b0d1e2580 0 1 0 0 0 2 0 41399 152
0x00007d762f775600 0x0000000b0d1e2600 0 0 1 0 0 2 0 41399 144
0x00007d762f775680 0x0000000b0d1e2680 0 0 1 0 0 2 0 41399 152
0x00007d762f775700 0x0000000b0d1e2700 0 1 1 0 0 2 0 41399 144
0x00007d762f775780 0x0000000b0d1e2780 0 1 1 0 0 2 0 41399 152
0x00007d762f775800 0x0000000b0d1e2800 0 0 0 0 0 2 0 41399 160
0x00007d762f775880 0x0000000b0d1e2880 0 0 0 0 0 2 0 41399 168
0x00007d762f775900 0x0000000b0d1e2900 0 1 0 0 0 2 0 41399 160
0x00007d762f775980 0x0000000b0d1e2980 0 1 0 0 0 2 0 41399 168
0x00007d762f775a00 0x0000000b0d1e2a00 0 0 1 0 0 2 0 41399 160
0x00007d762f775a80 0x0000000b0d1e2a80 0 0 1 0 0 2 0 41399 168
0x00007d762f775b00 0x0000000b0d1e2b00 0 1 1 0 0 2 0 41399 160
0x00007d762f775b80 0x0000000b0d1e2b80 0 1 1 0 0 2 0 41399 168
0x00007d762f775c00 0x0000000b0d1e2c00 0 0 0 0 0 2 0 41399 176
0x00007d762f775c80 0x0000000b0d1e2c80 0 0 0 0 0 2 0 41399 184
0x00007d762f775d00 0x0000000b0d1e2d00 0 1 0 0 0 2 0 41399 176
0x00007d762f775d80 0x0000000b0d1e2d80 0 1 0 0 0 2 0 41399 184
0x00007d762f775e00 0x0000000b0d1e2e00 0 0 1 0 0 2 0 41399 176
0x00007d762f775e80 0x0000000b0d1e2e80 0 0 1 0 0 2 0 41399 184
0x00007d762f775f00 0x0000000b0d1e2f00 0 1 1 0 0 2 0 41399 176
0x00007d762f775f80 0x0000000b0d1e2f80 0 1 1 0 0 2 0 41399 184
0x00007d762f79b000 0x0000000cae918000 0 0 0 0 1 2 0 50632 512
0x00007d762f79b080 0x0000000cae918080 0 0 0 0 1 2 0 50632 520
0x00007d762f79b100 0x0000000cae918100 0 1 0 0 1 2 0 50632 512
0x00007d762f79b180 0x0000000cae918180 0 1 0 0 1 2 0 50632 520
0x00007d762f79b200 0x0000000cae918200 0 0 1 0 1 2 0 50632 512
0x00007d762f79b280 0x0000000cae918280 0 0 1 0 1 2 0 50632 520
0x00007d762f79b300 0x0000000cae918300 0 1 1 0 1 2 0 50632 512
0x00007d762f79b380 0x0000000cae918380 0 1 1 0 1 2 0 50632 520
0x00007d762f79b400 0x0000000cae918400 0 0 0 0 1 2 0 50632 528
0x00007d762f79b480 0x0000000cae918480 0 0 0 0 1 2 0 50632 536
0x00007d762f79b500 0x0000000cae918500 0 1 0 0 1 2 0 50632 528
0x00007d762f79b580 0x0000000cae918580 0 1 0 0 1 2 0 50632 536
0x00007d762f79b600 0x0000000cae918600 0 0 1 0 1 2 0 50632 528
0x00007d762f79b680 0x0000000cae918680 0 0 1 0 1 2 0 50632 536
0x00007d762f79b700 0x0000000cae918700 0 1 1 0 1 2 0 50632 528
0x00007d762f79b780 0x0000000cae918780 0 1 1 0 1 2 0 50632 536
0x00007d762f79b800 0x0000000cae918800 0 0 0 0 1 2 0 50632 544
0x00007d762f79b880 0x0000000cae918880 0 0 0 0 1 2 0 50632 552
0x00007d762f79b900 0x0000000cae918900 0 1 0 0 1 2 0 50632 544
0x00007d762f79b980 0x0000000cae918980 0 1 0 0 1 2 0 50632 552
0x00007d762f79ba00 0x0000000cae918a00 0 0 1 0 1 2 0 50632 544
0x00007d762f79ba80 0x0000000cae918a80 0 0 1 0 1 2 0 50632 552
0x00007d762f79bb00 0x0000000cae918b00 0 1 1 0 1 2 0 50632 544
0x00007d762f79bb80 0x0000000cae918b80 0 1 1 0 1 2 0 50632 552
0x00007d762f79bc00 0x0000000cae918c00 0 0 0 0 1 2 0 50632 560
0x00007d762f79bc80 0x0000000cae918c80 0 0 0 0 1 2 0 50632 568
0x00007d762f79bd00 0x0000000cae918d00 0 1 0 0 1 2 0 50632 560
0x00007d762f79bd80 0x0000000cae918d80 0 1 0 0 1 2 0 50632 568
0x00007d762f79be00 0x0000000cae918e00 0 0 1 0 1 2 0 50632 560
0x00007d762f79be80 0x0000000cae918e80 0 0 1 0 1 2 0 50632 568
0x00007d762f79bf00 0x0000000cae918f00 0 1 1 0 1 2 0 50632 560
0x00007d762f79bf80 0x0000000cae918f80 0 1 1 0 1 2 0 50632 568
0x00007d762f7a4000 0x0000000cae910000 0 0 0 0 0 2 0 50632 512
0x00007d762f7a4080 0x0000000cae910080 0 0 0 0 0 2 0 50632 520
0x00007d762f7a4100 0x0000000cae910100 0 1 0 0 0 2 0 50632 512
0x00007d762f7a4180 0x0000000cae910180 0 1 0 0 0 2 0 50632 520
0x00007d762f7a4200 0x0000000cae910200 0 0 1 0 0 2 0 50632 512
0x00007d762f7a4280 0x0000000cae910280 0 0 1 0 0 2 0 50632 520
0x00007d762f7a4300 0x0000000cae910300 0 1 1 0 0 2 0 50632 512
0x00007d762f7a4380 0x0000000cae910380 0 1 1 0 0 2 0 50632 520
0x00007d762f7a4400 0x0000000cae910400 0 0 0 0 0 2 0 50632 528
0x00007d762f7a4480 0x0000000cae910480 0 0 0 0 0 2 0 50632 536
0x00007d762f7a4500 0x0000000cae910500 0 1 0 0 0 2 0 50632 528
0x00007d762f7a4580 0x0000000cae910580 0 1 0 0 0 2 0 50632 536
0x00007d762f7a4600 0x0000000cae910600 0 0 1 0 0 2 0 50632 528
0x00007d762f7a4680 0x0000000cae910680 0 0 1 0 0 2 0 50632 536
0x00007d762f7a4700 0x0000000cae910700 0 1 1 0 0 2 0 50632 528
0x00007d762f7a4780 0x0000000cae910780 0 1 1 0 0 2 0 50632 536
0x00007d762f7a4800 0x0000000cae910800 0 0 0 0 0 2 0 50632 544
0x00007d762f7a4880 0x0000000cae910880 0 0 0 0 0 2 0 50632 552
0x00007d762f7a4900 0x0000000cae910900 0 1 0 0 0 2 0 50632 544
0x00007d762f7a4980 0x0000000cae910980 0 1 0 0 0 2 0 50632 552
0x00007d762f7a4a00 0x0000000cae910a00 0 0 1 0 0 2 0 50632 544
0x00007d762f7a4a80 0x0000000cae910a80 0 0 1 0 0 2 0 50632 552
0x00007d762f7a4b00 0x0000000cae910b00 0 1 1 0 0 2 0 50632 544
0x00007d762f7a4b80 0x0000000cae910b80 0 1 1 0 0 2 0 50632 552
0x00007d762f7a4c00 0x0000000cae910c00 0 0 0 0 0 2 0 50632 560
0x00007d762f7a4c80 0x0000000cae910c80 0 0 0 0 0 2 0 50632 568
0x00007d762f7a4d00 0x0000000cae910d00 0 1 0 0 0 2 0 50632 560
0x00007d762f7a4d80 0x0000000cae910d80 0 1 0 0 0 2 0 50632 568
0x00007d762f7a4e00 0x0000000cae910e00 0 0 1 0 0 2 0 50632 560
0x00007d762f7a4e80 0x0000000cae910e80 0 0 1 0 0 2 0 50632 568
0x00007d762f7a4f00 0x0000000cae910f00 0 1 1 0 0 2 0 50632 560
0x00007d762f7a4f80 0x0000000cae910f80 0 1 1 0 0 2 0 50632 568
0x00007d762f7aa000 0x000000021c95a000 0 0 0 0 1 2 0 5018 640
0x00007d762f7aa080 0x000000021c95a080 0 0 0 0 1 2 0 5018 648
0x00007d762f7aa100 0x000000021c95a100 0 1 0 0 1 2 0 5018 640
0x00007d762f7aa180 0x000000021c95a180 0 1 0 0 1 2 0 5018 648
0x00007d762f7aa200 0x000000021c95a200 0 0 1 0 1 2 0 5018 640
0x00007d762f7aa280 0x000000021c95a280 0 0 1 0 1 2 0 5018 648
0x00007d762f7aa300 0x000000021c95a300 0 1 1 0 1 2 0 5018 640
0x00007d762f7aa380 0x000000021c95a380 0 1 1 0 1 2 0 5018 648
0x00007d762f7aa400 0x000000021c95a400 0 0 0 0 1 2 0 5018 656
0x00007d762f7aa480 0x000000021c95a480 0 0 0 0 1 2 0 5018 664
0x00007d762f7aa500 0x000000021c95a500 0 1 0 0 1 2 0 5018 656
0x00007d762f7aa580 0x000000021c95a580 0 1 0 0 1 2 0 5018 664
0x00007d762f7aa600 0x000000021c95a600 0 0 1 0 1 2 0 5018 656
0x00007d762f7aa680 0x000000021c95a680 0 0 1 0 1 2 0 5018 664
0x00007d762f7aa700 0x000000021c95a700 0 1 1 0 1 2 0 5018 656
0x00007d762f7aa780 0x000000021c95a780 0 1 1 0 1 2 0 5018 664
0x00007d762f7aa800 0x000000021c95a800 0 0 0 0 1 2 0 5018 672
0x00007d762f7aa880 0x000000021c95a880 0 0 0 0 1 2 0 5018 680
0x00007d762f7aa900 0x000000021c95a900 0 1 0 0 1 2 0 5018 672
0x00007d762f7aa980 0x000000021c95a980 0 1 0 0 1 2 0 5018 680
0x00007d762f7aaa00 0x000000021c95aa00 0 0 1 0 1 2 0 5018 672
0x00007d762f7aaa80 0x000000021c95aa80 0 0 1 0 1 2 0 5018 680
0x00007d762f7aab00 0x000000021c95ab00 0 1 1 0 1 2 0 5018 672
0x00007d762f7aab80 0x000000021c95ab80 0 1 1 0 1 2 0 5018 680
0x00007d762f7aac00 0x000000021c95ac00 0 0 0 0 1 2 0 5018 688
0x00007d762f7aac80 0x000000021c95ac80 0 0 0 0 1 2 0 5018 696
0x00007d762f7aad00 0x000000021c95ad00 0 1 0 0 1 2 0 5018 688
0x00007d762f7aad80 0x000000021c95ad80 0 1 0 0 1 2 0 5018 696
0x00007d762f7aae00 0x000000021c95ae00 0 0 1 0 1 2 0 5018 688
0x00007d762f7aae80 0x000000021c95ae80 0 0 1 0 1 2 0 5018 696
0x00007d762f7aaf00 0x000000021c95af00 0 1 1 0 1 2 0 5018 688
0x00007d762f7aaf80 0x000000021c95af80 0 1 1 0 1 2 0 5018 696
0x00007d762f7ad000 0x000000021c95c000 0 0 0 0 1 2 0 5018 768
0x00007d762f7ad080 0x000000021c95c080 0 0 0 0 1 2 0 5018 776
0x00007d762f7ad100 0x000000021c95c100 0 1 0 0 1 2 0 5018 768
0x00007d762f7ad180 0x000000021c95c180 0 1 0 0 1 2 0 5018 776
0x00007d762f7ad200 0x000000021c95c200 0 0 1 0 1 2 0 5018 768
0x00007d762f7ad280 0x000000021c95c280 0 0 1 0 1 2 0 5018 776
0x00007d762f7ad300 0x000000021c95c300 0 1 1 0 1 2 0 5018 768
0x00007d762f7ad380 0x000000021c95c380 0 1 1 0 1 2 0 5018 776
0x00007d762f7ad400 0x000000021c95c400 0 0 0 0 1 2 0 5018 784
0x00007d762f7ad480 0x000000021c95c480 0 0 0 0 1 2 0 5018 792
0x00007d762f7ad500 0x000000021c95c500 0 1 0 0 1 2 0 5018 784
0x00007d762f7ad580 0x000000021c95c580 0 1 0 0 1 2 0 5018 792
0x00007d762f7ad600 0x000000021c95c600 0 0 1 0 1 2 0 5018 784
0x00007d762f7ad680 0x000000021c95c680 0 0 1 0 1 2 0 5018 792
0x00007d762f7ad700 0x000000021c95c700 0 1 1 0 1 2 0 5018 784
0x00007d762f7ad780 0x000000021c95c780 0 1 1 0 1 2 0 5018 792
0x00007d762f7ad800 0x000000021c95c800 0 0 0 0 1 2 0 5018 800
0x00007d762f7ad880 0x000000021c95c880 0 0 0 0 1 2 0 5018 808
0x00007d762f7ad900 0x000000021c95c900 0 1 0 0 1 2 0 5018 800
0x00007d762f7ad980 0x000000021c95c980 0 1 0 0 1 2 0 5018 808
0x00007d762f7ada00 0x000000021c95ca00 0 0 1 0 1 2 0 5018 800
0x00007d762f7ada80 0x000000021c95ca80 0 0 1 0 1 2 0 5018 808
0x00007d762f7adb00 0x000000021c95cb00 0 1 1 0 1 2 0 5018 800
0x00007d762f7adb80 0x000000021c95cb80 0 1 1 0 1 2 0 5018 808
0x00007d762f7adc00 0x000000021c95cc00 0 0 0 0 1 2 0 5018 816
0x00007d762f7adc80 0x000000021c95cc80 0 0 0 0 1 2 0 5018 824
0x00007d762f7add00 0x000000021c95cd00 0 1 0 0 1 2 0 5018 816
0x00007d762f7add80 0x000000021c95cd80 0 1 0 0 1 2 0 5018 824
0x00007d762f7ade00 0x000000021c95ce00 0 0 1 0 1 2 0 5018 816
0x00007d762f7ade80 0x000000021c95ce80 0 0 1 0 1 2 0 5018 824
0x00007d762f7adf00 0x000000021c95cf00 0 1 1 0 1 2 0 5018 816
0x00007d762f7adf80 0x000000021c95cf80 0 1 1 0 1 2 0 5018 824
0x00007d762f7b1000 0x000000021c958000 0 0 0 0 1 2 0 5018 512
0x00007d762f7b1080 0x000000021c958080 0 0 0 0 1 2 0 5018 520
0x00007d762f7b1100 0x000000021c958100 0 1 0 0 1 2 0 5018 512
0x00007d762f7b1180 0x000000021c958180 0 1 0 0 1 2 0 5018 520
0x00007d762f7b1200 0x000000021c958200 0 0 1 0 1 2 0 5018 512
0x00007d762f7b1280 0x000000021c958280 0 0 1 0 1 2 0 5018 520
0x00007d762f7b1300 0x000000021c958300 0 1 1 0 1 2 0 5018 512
0x00007d762f7b1380 0x000000021c958380 0 1 1 0 1 2 0 5018 520
0x00007d762f7b1400 0x000000021c958400 0 0 0 0 1 2 0 5018 528
0x00007d762f7b1480 0x000000021c958480 0 0 0 0 1 2 0 5018 536
0x00007d762f7b1500 0x000000021c958500 0 1 0 0 1 2 0 5018 528
0x00007d762f7b1580 0x000000021c958580 0 1 0 0 1 2 0 5018 536
0x00007d762f7b1600 0x000000021c958600 0 0 1 0 1 2 0 5018 528
0x00007d762f7b1680 0x000000021c958680 0 0 1 0 1 2 0 5018 536
0x00007d762f7b1700 0x000000021c958700 0 1 1 0 1 2 0 5018 528
0x00007d762f7b1780 0x000000021c958780 0 1 1 0 1 2 0 5018 536
0x00007d762f7b1800 0x000000021c958800 0 0 0 0 1 2 0 5018 544
0x00007d762f7b1880 0x000000021c958880 0 0 0 0 1 2 0 5018 552
0x00007d762f7b1900 0x000000021c958900 0 1 0 0 1 2 0 5018 544
0x00007d762f7b1980 0x000000021c958980 0 1 0 0 1 2 0 5018 552
0x00007d762f7b1a00 0x000000021c958a00 0 0 1 0 1 2 0 5018 544
0x00007d762f7b1a80 0x000000021c958a80 0 0 1 0 1 2 0 5018 552
0x00007d762f7b1b00 0x000000021c958b00 0 1 1 0 1 2 0 5018 544
0x00007d762f7b1b80 0x000000021c958b80 0 1 1 0 1 2 0 5018 552
0x00007d762f7b1c00 0x000000021c958c00 0 0 0 0 1 2 0 5018 560
0x00007d762f7b1c80 0x000000021c958c80 0 0 0 0 1 2 0 5018 568
0x00007d762f7b1d00 0x000000021c958d00 0 1 0 0 1 2 0 5018 560
0x00007d762f7b1d80 0x000000021c958d80 0 1 0 0 1 2 0 5018 568
0x00007d762f7b1e00 0x000000021c958e00 0 0 1 0 1 2 0 5018 560
0x00007d762f7b1e80 0x000000021c958e80 0 0 1 0 1 2 0 5018 568
0x00007d762f7b1f00 0x000000021c958f00 0 1 1 0 1 2 0 5018 560
0x00007d762f7b1f80 0x000000021c958f80 0 1 1 0 1 2 0 5018 568
0x00007d762f7ea000 0x000000021c950000 0 0 0 0 0 2 0 5018 512
0x00007d762f7ea080 0x000000021c950080 0 0 0 0 0 2 0 5018 520
0x00007d762f7ea100 0x000000021c950100 0 1 0 0 0 2 0 5018 512
0x00007d762f7ea180 0x000000021c950180 0 1 0 0 0 2 0 5018 520
0x00007d762f7ea200 0x000000021c950200 0 0 1 0 0 2 0 5018 512
0x00007d762f7ea280 0x000000021c950280 0 0 1 0 0 2 0 5018 520
0x00007d762f7ea300 0x000000021c950300 0 1 1 0 0 2 0 5018 512
0x00007d762f7ea380 0x000000021c950380 0 1 1 0 0 2 0 5018 520
0x00007d762f7ea400 0x000000021c950400 0 0 0 0 0 2 0 5018 528
0x00007d762f7ea480 0x000000021c950480 0 0 0 0 0 2 0 5018 536
0x00007d762f7ea500 0x000000021c950500 0 1 0 0 0 2 0 5018 528
0x00007d762f7ea580 0x000000021c950580 0 1 0 0 0 2 0 5018 536
0x00007d762f7ea600 0x000000021c950600 0 0 1 0 0 2 0 5018 528
0x00007d762f7ea680 0x000000021c950680 0 0 1 0 0 2 0 5018 536
0x00007d762f7ea700 0x000000021c950700 0 1 1 0 0 2 0 5018 528
0x00007d762f7ea780 0x000000021c950780 0 1 1 0 0 2 0 5018 536
0x00007d762f7ea800 0x000000021c950800 0 0 0 0 0 2 0 5018 544
0x00007d762f7ea880 0x000000021c950880 0 0 0 0 0 2 0 5018 552
0x00007d762f7ea900 0x000000021c950900 0 1 0 0 0 2 0 5018 544
0x00007d762f7ea980 0x000000021c950980 0 1 0 0 0 2 0 5018 552
0x00007d762f7eaa00 0x000000021c950a00 0 0 1 0 0 2 0 5018 544
0x00007d762f7eaa80 0x000000021c950a80 0 0 1 0 0 2 0 5018 552
0x00007d762f7eab00 0x000000021c950b00 0 1 1 0 0 2 0 5018 544
0x00007d762f7eab80 0x000000021c950b80 0 1 1 0 0 2 0 5018 552
0x00007d762f7eac00 0x000000021c950c00 0 0 0 0 0 2 0 5018 560
0x00007d762f7eac80 0x000000021c950c80 0 0 0 0 0 2 0 5018 568
0x00007d762f7ead00 0x000000021c950d00 0 1 0 0 0 2 0 5018 560
0x00007d762f7ead80 0x000000021c950d80 0 1 0 0 0 2 0 5018 568
0x00007d762f7eae00 0x000000021c950e00 0 0 1 0 0 2 0 5018 560
0x00007d762f7eae80 0x000000021c950e80 0 0 1 0 0 2 0 5018 568
0x00007d762f7eaf00 0x000000021c950f00 0 1 1 0 0 2 0 5018 560
0x00007d762f7eaf80 0x000000021c950f80 0 1 1 0 0 2 0 5018 568
0x00007d762f800000 0x000000021c951000 0 0 0 0 0 2 0 5018 576
0x00007d762f800080 0x000000021c951080 0 0 0 0 0 2 0 5018 584
0x00007d762f800100 0x000000021c951100 0 1 0 0 0 2 0 5018 576
0x00007d762f800180 0x000000021c951180 0 1 0 0 0 2 0 5018 584
0x00007d762f800200 0x000000021c951200 0 0 1 0 0 2 0 5018 576
0x00007d762f800280 0x000000021c951280 0 0 1 0 0 2 0 5018 584
0x00007d762f800300 0x000000021c951300 0 1 1 0 0 2 0 5018 576
0x00007d762f800380 0x000000021c951380 0 1 1 0 0 2 0 5018 584
0x00007d762f800400 0x000000021c951400 0 0 0 0 0 2 0 5018 592
0x00007d762f800480 0x000000021c951480 0 0 0 0 0 2 0 5018 600
0x00007d762f800500 0x000000021c951500 0 1 0 0 0 2 0 5018 592
0x00007d762f800580 0x000000021c951580 0 1 0 0 0 2 0 5018 600
0x00007d762f800600 0x000000021c951600 0 0 1 0 0 2 0 5018 592
0x00007d762f800680 0x000000021c951680 0 0 1 0 0 2 0 5018 600
0x00007d762f800700 0x000000021c951700 0 1 1 0 0 2 0 5018 592
0x00007d762f800780 0x000000021c951780 0 1 1 0 0 2 0 5018 600
0x00007d762f800800 0x000000021c951800 0 0 0 0 0 2 0 5018 608
0x00007d762f800880 0x000000021c951880 0 0 0 0 0 2 0 5018 616
0x00007d762f800900 0x000000021c951900 0 1 0 0 0 2 0 5018 608
0x00007d762f800980 0x000000021c951980 0 1 0 0 0 2 0 5018 616
0x00007d762f800a00 0x000000021c951a00 0 0 1 0 0 2 0 5018 608
0x00007d762f800a80 0x000000021c951a80 0 0 1 0 0 2 0 5018 616
0x00007d762f800b00 0x000000021c951b00 0 1 1 0 0 2 0 5018 608
0x00007d762f800b80 0x000000021c951b80 0 1 1 0 0 2 0 5018 616
0x00007d762f800c00 0x000000021c951c00 0 0 0 0 0 2 0 5018 624
0x00007d762f800c80 0x000000021c951c80 0 0 0 0 0 2 0 5018 632
0x00007d762f800d00 0x000000021c951d00 0 1 0 0 0 2 0 5018 624
0x00007d762f800d80 0x000000021c951d80 0 1 0 0 0 2 0 5018 632
0x00007d762f800e00 0x000000021c951e00 0 0 1 0 0 2 0 5018 624
0x00007d762f800e80 0x000000021c951e80 0 0 1 0 0 2 0 5018 632
0x00007d762f800f00 0x000000021c951f00 0 1 1 0 0 2 0 5018 624
0x00007d762f800f80 0x000000021c951f80 0 1 1 0 0 2 0 5018 632
0x00007d762f805000 0x000000021c959000 0 0 0 0 1 2 0 5018 576
0x00007d762f805080 0x000000021c959080 0 0 0 0 1 2 0 5018 584
0x00007d762f805100 0x000000021c959100 0 1 0 0 1 2 0 5018 576
0x00007d762f805180 0x000000021c959180 0 1 0 0 1 2 0 5018 584
0x00007d762f805200 0x000000021c959200 0 0 1 0 1 2 0 5018 576
0x00007d762f805280 0x000000021c959280 0 0 1 0 1 2 0 5018 584
0x00007d762f805300 0x000000021c959300 0 1 1 0 1 2 0 5018 576
0x00007d762f805380 0x000000021c959380 0 1 1 0 1 2 0 5018 584
0x00007d762f805400 0x000000021c959400 0 0 0 0 1 2 0 5018 592
0x00007d762f805480 0x000000021c959480 0 0 0 0 1 2 0 5018 600
0x00007d762f805500 0x000000021c959500 0 1 0 0 1 2 0 5018 592
0x00007d762f805580 0x000000021c959580 0 1 0 0 1 2 0 5018 600
0x00007d762f805600 0x000000021c959600 0 0 1 0 1 2 0 5018 592
0x00007d762f805680 0x000000021c959680 0 0 1 0 1 2 0 5018 600
0x00007d762f805700 0x000000021c959700 0 1 1 0 1 2 0 5018 592
0x00007d762f805780 0x000000021c959780 0 1 1 0 1 2 0 5018 600
0x00007d762f805800 0x000000021c959800 0 0 0 0 1 2 0 5018 608
0x00007d762f805880 0x000000021c959880 0 0 0 0 1 2 0 5018 616
0x00007d762f805900 0x000000021c959900 0 1 0 0 1 2 0 5018 608
0x00007d762f805980 0x000000021c959980 0 1 0 0 1 2 0 5018 616
0x00007d762f805a00 0x000000021c959a00 0 0 1 0 1 2 0 5018 608
0x00007d762f805a80 0x000000021c959a80 0 0 1 0 1 2 0 5018 616
0x00007d762f805b00 0x000000021c959b00 0 1 1 0 1 2 0 5018 608
0x00007d762f805b80 0x000000021c959b80 0 1 1 0 1 2 0 5018 616
0x00007d762f805c00 0x000000021c959c00 0 0 0 0 1 2 0 5018 624
0x00007d762f805c80 0x000000021c959c80 0 0 0 0 1 2 0 5018 632
0x00007d762f805d00 0x000000021c959d00 0 1 0 0 1 2 0 5018 624
0x00007d762f805d80 0x000000021c959d80 0 1 0 0 1 2 0 5018 632
0x00007d762f805e00 0x000000021c959e00 0 0 1 0 1 2 0 5018 624
0x00007d762f805e80 0x000000021c959e80 0 0 1 0 1 2 0 5018 632
0x00007d762f805f00 0x000000021c959f00 0 1 1 0 1 2 0 5018 624
0x00007d762f805f80 0x000000021c959f80 0 1 1 0 1 2 0 5018 632
0x00007d762f826000 0x0000000cae912000 0 0 0 0 0 2 0 50632 640
0x00007d762f826080 0x0000000cae912080 0 0 0 0 0 2 0 50632 648
0x00007d762f826100 0x0000000cae912100 0 1 0 0 0 2 0 50632 640
0x00007d762f826180 0x0000000cae912180 0 1 0 0 0 2 0 50632 648
0x00007d762f826200 0x0000000cae912200 0 0 1 0 0 2 0 50632 640
0x00007d762f826280 0x0000000cae912280 0 0 1 0 0 2 0 50632 648
0x00007d762f826300 0x0000000cae912300 0 1 1 0 0 2 0 50632 640
0x00007d762f826380 0x0000000cae912380 0 1 1 0 0 2 0 50632 648
0x00007d762f826400 0x0000000cae912400 0 0 0 0 0 2 0 50632 656
0x00007d762f826480 0x0000000cae912480 0 0 0 0 0 2 0 50632 664
0x00007d762f826500 0x0000000cae912500 0 1 0 0 0 2 0 50632 656
0x00007d762f826580 0x0000000cae912580 0 1 0 0 0 2 0 50632 664
0x00007d762f826600 0x0000000cae912600 0 0 1 0 0 2 0 50632 656
0x00007d762f826680 0x0000000cae912680 0 0 1 0 0 2 0 50632 664
0x00007d762f826700 0x0000000cae912700 0 1 1 0 0 2 0 50632 656
0x00007d762f826780 0x0000000cae912780 0 1 1 0 0 2 0 50632 664
0x00007d762f826800 0x0000000cae912800 0 0 0 0 0 2 0 50632 672
0x00007d762f826880 0x0000000cae912880 0 0 0 0 0 2 0 50632 680
0x00007d762f826900 0x0000000cae912900 0 1 0 0 0 2 0 50632 672
0x00007d762f826980 0x0000000cae912980 0 1 0 0 0 2 0 50632 680
0x00007d762f826a00 0x0000000cae912a00 0 0 1 0 0 2 0 50632 672
0x00007d762f826a80 0x0000000cae912a80 0 0 1 0 0 2 0 50632 680
0x00007d762f826b00 0x0000000cae912b00 0 1 1 0 0 2 0 50632 672
0x00007d762f826b80 0x0000000cae912b80 0 1 1 0 0 2 0 50632 680
0x00007d762f826c00 0x0000000cae912c00 0 0 0 0 0 2 0 50632 688
0x00007d762f826c80 0x0000000cae912c80 0 0 0 0 0 2 0 50632 696
0x00007d762f826d00 0x0000000cae912d00 0 1 0 0 0 2 0 50632 688
0x00007d762f826d80 0x0000000cae912d80 0 1 0 0 0 2 0 50632 696
0x00007d762f826e00 0x0000000cae912e00 0 0 1 0 0 2 0 50632 688
0x00007d762f826e80 0x0000000cae912e80 0 0 1 0 0 2 0 50632 696
0x00007d762f826f00 0x0000000cae912f00 0 1 1 0 0 2 0 50632 688
0x00007d762f826f80 0x0000000cae912f80 0 1 1 0 0 2 0 50632 696
0x00007d762f837000 0x00000005ea97f000 0 0 0 0 1 2 0 23883 960
0x00007d762f837080 0x00000005ea97f080 0 0 0 0 1 2 0 23883 968
0x00007d762f837100 0x00000005ea97f100 0 1 0 0 1 2 0 23883 960
0x00007d762f837180 0x00000005ea97f180 0 1 0 0 1 2 0 23883 968
0x00007d762f837200 0x00000005ea97f200 0 0 1 0 1 2 0 23883 960
0x00007d762f837280 0x00000005ea97f280 0 0 1 0 1 2 0 23883 968
0x00007d762f837300 0x00000005ea97f300 0 1 1 0 1 2 0 23883 960
0x00007d762f837380 0x00000005ea97f380 0 1 1 0 1 2 0 23883 968
0x00007d762f837400 0x00000005ea97f400 0 0 0 0 1 2 0 23883 976
0x00007d762f837480 0x00000005ea97f480 0 0 0 0 1 2 0 23883 984
0x00007d762f837500 0x00000005ea97f500 0 1 0 0 1 2 0 23883 976
0x00007d762f837580 0x00000005ea97f580 0 1 0 0 1 2 0 23883 984
0x00007d762f837600 0x00000005ea97f600 0 0 1 0 1 2 0 23883 976
0x00007d762f837680 0x00000005ea97f680 0 0 1 0 1 2 0 23883 984
0x00007d762f837700 0x00000005ea97f700 0 1 1 0 1 2 0 23883 976
0x00007d762f837780 0x00000005ea97f780 0 1 1 0 1 2 0 23883 984
0x00007d762f837800 0x00000005ea97f800 0 0 0 0 1 2 0 23883 992
0x00007d762f837880 0x00000005ea97f880 0 0 0 0 1 2 0 23883 1000
0x00007d762f837900 0x00000005ea97f900 0 1 0 0 1 2 0 23883 992
0x00007d762f837980 0x00000005ea97f980 0 1 0 0 1 2 0 23883 1000
0x00007d762f837a00 0x00000005ea97fa00 0 0 1 0 1 2 0 23883 992
0x00007d762f837a80 0x00000005ea97fa80 0 0 1 0 1 2 0 23883 1000
0x00007d762f837b00 0x00000005ea97fb00 0 1 1 0 1 2 0 23883 992
0x00007d762f837b80 0x00000005ea97fb80 0 1 1 0 1 2 0 23883 1000
0x00007d762f837c00 0x00000005ea97fc00 0 0 0 0 1 2 0 23883 1008
0x00007d762f837c80 0x00000005ea97fc80 0 0 0 0 1 2 0 23883 1016
0x00007d762f837d00 0x00000005ea97fd00 0 1 0 0 1 2 0 23883 1008
0x00007d762f837d80 0x00000005ea97fd80 0 1 0 0 1 2 0 23883 1016
0x00007d762f837e00 0x00000005ea97fe00 0 0 1 0 1 2 0 23883 1008
0x00007d762f837e80 0x00000005ea97fe80 0 0 1 0 1 2 0 23883 1016
0x00007d762f837f00 0x00000005ea97ff00 0 1 1 0 1 2 0 23883 1008
0x00007d762f837f80 0x00000005ea97ff80 0 1 1 0 1 2 0 23883 1016
0x00007d762f85e000 0x00000005ea971000 0 0 0 0 0 2 0 23883 576
0x00007d762f85e080 0x00000005ea971080 0 0 0 0 0 2 0 23883 584
0x00007d762f85e100 0x00000005ea971100 0 1 0 0 0 2 0 23883 576
0x00007d762f85e180 0x00000005ea971180 0 1 0 0 0 2 0 23883 584
0x00007d762f85e200 0x00000005ea971200 0 0 1 0 0 2 0 23883 576
0x00007d762f85e280 0x00000005ea971280 0 0 1 0 0 2 0 23883 584
0x00007d762f85e300 0x00000005ea971300 0 1 1 0 0 2 0 23883 576
0x00007d762f85e380 0x00000005ea971380 0 1 1 0 0 2 0 23883 584
0x00007d762f85e400 0x00000005ea971400 0 0 0 0 0 2 0 23883 592
0x00007d762f85e480 0x00000005ea971480 0 0 0 0 0 2 0 23883 600
0x00007d762f85e500 0x00000005ea971500 0 1 0 0 0 2 0 23883 592
0x00007d762f85e580 0x00000005ea971580 0 1 0 0 0 2 0 23883 600
0x00007d762f85e600 0x00000005ea971600 0 0 1 0 0 2 0 23883 592
0x00007d762f85e680 0x00000005ea971680 0 0 1 0 0 2 0 23883 600
0x00007d762f85e700 0x00000005ea971700 0 1 1 0 0 2 0 23883 592
0x00007d762f85e780 0x00000005ea971780 0 1 1 0 0 2 0 23883 600
0x00007d762f85e800 0x00000005ea971800 0 0 0 0 0 2 0 23883 608
0x00007d762f85e880 0x00000005ea971880 0 0 0 0 0 2 0 23883 616
0x00007d762f85e900 0x00000005ea971900 0 1 0 0 0 2 0 23883 608
0x00007d762f85e980 0x00000005ea971980 0 1 0 0 0 2 0 23883 616
0x00007d762f85ea00 0x00000005ea971a00 0 0 1 0 0 2 0 23883 608
0x00007d762f85ea80 0x00000005ea971a80 0 0 1 0 0 2 0 23883 616
0x00007d762f85eb00 0x00000005ea971b00 0 1 1 0 0 2 0 23883 608
0x00007d762f85eb80 0x00000005ea971b80 0 1 1 0 0 2 0 23883 616
0x00007d762f85ec00 0x00000005ea971c00 0 0 0 0 0 2 0 23883 624
0x00007d762f85ec80 0x00000005ea971c80 0 0 0 0 0 2 0 23883 632
0x00007d762f85ed00 0x00000005ea971d00 0 1 0 0 0 2 0 23883 624
0x00007d762f85ed80 0x00000005ea971d80 0 1 0 0 0 2 0 23883 632
0x00007d762f85ee00 0x00000005ea971e00 0 0 1 0 0 2 0 23883 624
0x00007d762f85ee80 0x00000005ea971e80 0 0 1 0 0 2 0 23883 632
0x00007d762f85ef00 0x00000005ea971f00 0 1 1 0 0 2 0 23883 624
0x00007d762f85ef80 0x00000005ea971f80 0 1 1 0 0 2 0 23883 632
0x00007d762f872000 0x00000005ea978000 0 0 0 0 1 2 0 23883 512
0x00007d762f872080 0x00000005ea978080 0 0 0 0 1 2 0 23883 520
0x00007d762f872100 0x00000005ea978100 0 1 0 0 1 2 0 23883 512
0x00007d762f872180 0x00000005ea978180 0 1 0 0 1 2 0 23883 520
0x00007d762f872200 0x00000005ea978200 0 0 1 0 1 2 0 23883 512
0x00007d762f872280 0x00000005ea978280 0 0 1 0 1 2 0 23883 520
0x00007d762f872300 0x00000005ea978300 0 1 1 0 1 2 0 23883 512
0x00007d762f872380 0x00000005ea978380 0 1 1 0 1 2 0 23883 520
0x00007d762f872400 0x00000005ea978400 0 0 0 0 1 2 0 23883 528
0x00007d762f872480 0x00000005ea978480 0 0 0 0 1 2 0 23883 536
0x00007d762f872500 0x00000005ea978500 0 1 0 0 1 2 0 23883 528
0x00007d762f872580 0x00000005ea978580 0 1 0 0 1 2 0 23883 536
0x00007d762f872600 0x00000005ea978600 0 0 1 0 1 2 0 23883 528
0x00007d762f872680 0x00000005ea978680 0 0 1 0 1 2 0 23883 536
0x00007d762f872700 0x00000005ea978700 0 1 1 0 1 2 0 23883 528
0x00007d762f872780 0x00000005ea978780 0 1 1 0 1 2 0 23883 536
0x00007d762f872800 0x00000005ea978800 0 0 0 0 1 2 0 23883 544
0x00007d762f872880 0x00000005ea978880 0 0 0 0 1 2 0 23883 552
0x00007d762f872900 0x00000005ea978900 0 1 0 0 1 2 0 23883 544
0x00007d762f872980 0x00000005ea978980 0 1 0 0 1 2 0 23883 552
0x00007d762f872a00 0x00000005ea978a00 0 0 1 0 1 2 0 23883 544
0x00007d762f872a80 0x00000005ea978a80 0 0 1 0 1 2 0 23883 552
0x00007d762f872b00 0x00000005ea978b00 0 1 1 0 1 2 0 23883 544
0x00007d762f872b80 0x00000005ea978b80 0 1 1 0 1 2 0 23883 552
0x00007d762f872c00 0x00000005ea978c00 0 0 0 0 1 2 0 23883 560
0x00007d762f872c80 0x00000005ea978c80 0 0 0 0 1 2 0 23883 568
0x00007d762f872d00 0x00000005ea978d00 0 1 0 0 1 2 0 23883 560
0x00007d762f872d80 0x00000005ea978d80 0 1 0 0 1 2 0 23883 568
0x00007d762f872e00 0x00000005ea978e00 0 0 1 0 1 2 0 23883 560
0x00007d762f872e80 0x00000005ea978e80 0 0 1 0 1 2 0 23883 568
0x00007d762f872f00 0x00000005ea978f00 0 1 1 0 1 2 0 23883 560
0x00007d762f872f80 0x00000005ea978f80 0 1 1 0 1 2 0 23883 568
0x00007d762f87b000 0x0000000cae915000 0 0 0 0 0 2 0 50632 832
0x00007d762f87b080 0x0000000cae915080 0 0 0 0 0 2 0 50632 840
0x00007d762f87b100 0x0000000cae915100 0 1 0 0 0 2 0 50632 832
0x00007d762f87b180 0x0000000cae915180 0 1 0 0 0 2 0 50632 840
0x00007d762f87b200 0x0000000cae915200 0 0 1 0 0 2 0 50632 832
0x00007d762f87b280 0x0000000cae915280 0 0 1 0 0 2 0 50632 840
0x00007d762f87b300 0x0000000cae915300 0 1 1 0 0 2 0 50632 832
0x00007d762f87b380 0x0000000cae915380 0 1 1 0 0 2 0 50632 840
0x00007d762f87b400 0x0000000cae915400 0 0 0 0 0 2 0 50632 848
0x00007d762f87b480 0x0000000cae915480 0 0 0 0 0 2 0 50632 856
0x00007d762f87b500 0x0000000cae915500 0 1 0 0 0 2 0 50632 848
0x00007d762f87b580 0x0000000cae915580 0 1 0 0 0 2 0 50632 856
0x00007d762f87b600 0x0000000cae915600 0 0 1 0 0 2 0 50632 848
0x00007d762f87b680 0x0000000cae915680 0 0 1 0 0 2 0 50632 856
0x00007d762f87b700 0x0000000cae915700 0 1 1 0 0 2 0 50632 848
0x00007d762f87b780 0x0000000cae915780 0 1 1 0 0 2 0 50632 856
0x00007d762f87b800 0x0000000cae915800 0 0 0 0 0 2 0 50632 864
0x00007d762f87b880 0x0000000cae915880 0 0 0 0 0 2 0 50632 872
0x00007d762f87b900 0x0000000cae915900 0 1 0 0 0 2 0 50632 864
0x00007d762f87b980 0x0000000cae915980 0 1 0 0 0 2 0 50632 872
0x00007d762f87ba00 0x0000000cae915a00 0 0 1 0 0 2 0 50632 864
0x00007d762f87ba80 0x0000000cae915a80 0 0 1 0 0 2 0 50632 872
0x00007d762f87bb00 0x0000000cae915b00 0 1 1 0 0 2 0 50632 864
0x00007d762f87bb80 0x0000000cae915b80 0 1 1 0 0 2 0 50632 872
0x00007d762f87bc00 0x0000000cae915c00 0 0 0 0 0 2 0 50632 880
0x00007d762f87bc80 0x0000000cae915c80 0 0 0 0 0 2 0 50632 888
0x00007d762f87bd00 0x0000000cae915d00 0 1 0 0 0 2 0 50632 880
0x00007d762f87bd80 0x0000000cae915d80 0 1 0 0 0 2 0 50632 888
0x00007d762f87be00 0x0000000cae915e00 0 0 1 0 0 2 0 50632 880
0x00007d762f87be80 0x0000000cae915e80 0 0 1 0 0 2 0 50632 888
0x00007d762f87bf00 0x0000000cae915f00 0 1 1 0 0 2 0 50632 880
0x00007d762f87bf80 0x0000000cae915f80 0 1 1 0 0 2 0 50632 888
0x00007d762f896000 0x0000000b0d1e4000 0 0 0 0 0 2 0 41399 256
0x00007d762f896080 0x0000000b0d1e4080 0 0 0 0 0 2 0 41399 264
0x00007d762f896100 0x0000000b0d1e4100 0 1 0 0 0 2 0 41399 256
0x00007d762f896180 0x0000000b0d1e4180 0 1 0 0 0 2 0 41399 264
0x00007d762f896200 0x0000000b0d1e4200 0 0 1 0 0 2 0 41399 256
0x00007d762f896280 0x0000000b0d1e4280 0 0 1 0 0 2 0 41399 264
0x00007d762f896300 0x0000000b0d1e4300 0 1 1 0 0 2 0 41399 256
0x00007d762f896380 0x0000000b0d1e4380 0 1 1 0 0 2 0 41399 264
0x00007d762f896400 0x0000000b0d1e4400 0 0 0 0 0 2 0 41399 272
0x00007d762f896480 0x0000000b0d1e4480 0 0 0 0 0 2 0 41399 280
0x00007d762f896500 0x0000000b0d1e4500 0 1 0 0 0 2 0 41399 272
0x00007d762f896580 0x0000000b0d1e4580 0 1 0 0 0 2 0 41399 280
0x00007d762f896600 0x0000000b0d1e4600 0 0 1 0 0 2 0 41399 272
0x00007d762f896680 0x0000000b0d1e4680 0 0 1 0 0 2 0 41399 280
0x00007d762f896700 0x0000000b0d1e4700 0 1 1 0 0 2 0 41399 272
0x00007d762f896780 0x0000000b0d1e4780 0 1 1 0 0 2 0 41399 280
0x00007d762f896800 0x0000000b0d1e4800 0 0 0 0 0 2 0 41399 288
0x00007d762f896880 0x0000000b0d1e4880 0 0 0 0 0 2 0 41399 296
0x00007d762f896900 0x0000000b0d1e4900 0 1 0 0 0 2 0 41399 288
0x00007d762f896980 0x0000000b0d1e4980 0 1 0 0 0 2 0 41399 296
0x00007d762f896a00 0x0000000b0d1e4a00 0 0 1 0 0 2 0 41399 288
0x00007d762f896a80 0x0000000b0d1e4a80 0 0 1 0 0 2 0 41399 296
0x00007d762f896b00 0x0000000b0d1e4b00 0 1 1 0 0 2 0 41399 288
0x00007d762f896b80 0x0000000b0d1e4b80 0 1 1 0 0 2 0 41399 296
0x00007d762f896c00 0x0000000b0d1e4c00 0 0 0 0 0 2 0 41399 304
0x00007d762f896c80 0x0000000b0d1e4c80 0 0 0 0 0 2 0 41399 312
0x00007d762f896d00 0x0000000b0d1e4d00 0 1 0 0 0 2 0 41399 304
0x00007d762f896d80 0x0000000b0d1e4d80 0 1 0 0 0 2 0 41399 312
0x00007d762f896e00 0x0000000b0d1e4e00 0 0 1 0 0 2 0 41399 304
0x00007d762f896e80 0x0000000b0d1e4e80 0 0 1 0 0 2 0 41399 312
0x00007d762f896f00 0x0000000b0d1e4f00 0 1 1 0 0 2 0 41399 304
0x00007d762f896f80 0x0000000b0d1e4f80 0 1 1 0 0 2 0 41399 312
0x00007d762f8a1000 0x00000005ea97d000 0 0 0 0 1 2 0 23883 832
0x00007d762f8a1080 0x00000005ea97d080 0 0 0 0 1 2 0 23883 840
0x00007d762f8a1100 0x00000005ea97d100 0 1 0 0 1 2 0 23883 832
0x00007d762f8a1180 0x00000005ea97d180 0 1 0 0 1 2 0 23883 840
0x00007d762f8a1200 0x00000005ea97d200 0 0 1 0 1 2 0 23883 832
0x00007d762f8a1280 0x00000005ea97d280 0 0 1 0 1 2 0 23883 840
0x00007d762f8a1300 0x00000005ea97d300 0 1 1 0 1 2 0 23883 832
0x00007d762f8a1380 0x00000005ea97d380 0 1 1 0 1 2 0 23883 840
0x00007d762f8a1400 0x00000005ea97d400 0 0 0 0 1 2 0 23883 848
0x00007d762f8a1480 0x00000005ea97d480 0 0 0 0 1 2 0 23883 856
0x00007d762f8a1500 0x00000005ea97d500 0 1 0 0 1 2 0 23883 848
0x00007d762f8a1580 0x00000005ea97d580 0 1 0 0 1 2 0 23883 856
0x00007d762f8a1600 0x00000005ea97d600 0 0 1 0 1 2 0 23883 848
0x00007d762f8a1680 0x00000005ea97d680 0 0 1 0 1 2 0 23883 856
0x00007d762f8a1700 0x00000005ea97d700 0 1 1 0 1 2 0 23883 848
0x00007d762f8a1780 0x00000005ea97d780 0 1 1 0 1 2 0 23883 856
0x00007d762f8a1800 0x00000005ea97d800 0 0 0 0 1 2 0 23883 864
0x00007d762f8a1880 0x00000005ea97d880 0 0 0 0 1 2 0 23883 872
0x00007d762f8a1900 0x00000005ea97d900 0 1 0 0 1 2 0 23883 864
0x00007d762f8a1980 0x00000005ea97d980 0 1 0 0 1 2 0 23883 872
0x00007d762f8a1a00 0x00000005ea97da00 0 0 1 0 1 2 0 23883 864
0x00007d762f8a1a80 0x00000005ea97da80 0 0 1 0 1 2 0 23883 872
0x00007d762f8a1b00 0x00000005ea97db00 0 1 1 0 1 2 0 23883 864
0x00007d762f8a1b80 0x00000005ea97db80 0 1 1 0 1 2 0 23883 872
0x00007d762f8a1c00 0x00000005ea97dc00 0 0 0 0 1 2 0 23883 880
0x00007d762f8a1c80 0x00000005ea97dc80 0 0 0 0 1 2 0 23883 888
0x00007d762f8a1d00 0x00000005ea97dd00 0 1 0 0 1 2 0 23883 880
0x00007d762f8a1d80 0x00000005ea97dd80 0 1 0 0 1 2 0 23883 888
0x00007d762f8a1e00 0x00000005ea97de00 0 0 1 0 1 2 0 23883 880
0x00007d762f8a1e80 0x00000005ea97de80 0 0 1 0 1 2 0 23883 888
0x00007d762f8a1f00 0x00000005ea97df00 0 1 1 0 1 2 0 23883 880
0x00007d762f8a1f80 0x00000005ea97df80 0 1 1 0 1 2 0 23883 888
0x00007d762f8c5000 0x00000005ea97a000 0 0 0 0 1 2 0 23883 640
0x00007d762f8c5080 0x00000005ea97a080 0 0 0 0 1 2 0 23883 648
0x00007d762f8c5100 0x00000005ea97a100 0 1 0 0 1 2 0 23883 640
0x00007d762f8c5180 0x00000005ea97a180 0 1 0 0 1 2 0 23883 648
0x00007d762f8c5200 0x00000005ea97a200 0 0 1 0 1 2 0 23883 640
0x00007d762f8c5280 0x00000005ea97a280 0 0 1 0 1 2 0 23883 648
0x00007d762f8c5300 0x00000005ea97a300 0 1 1 0 1 2 0 23883 640
0x00007d762f8c5380 0x00000005ea97a380 0 1 1 0 1 2 0 23883 648
0x00007d762f8c5400 0x00000005ea97a400 0 0 0 0 1 2 0 23883 656
0x00007d762f8c5480 0x00000005ea97a480 0 0 0 0 1 2 0 23883 664
0x00007d762f8c5500 0x00000005ea97a500 0 1 0 0 1 2 0 23883 656
0x00007d762f8c5580 0x00000005ea97a580 0 1 0 0 1 2 0 23883 664
0x00007d762f8c5600 0x00000005ea97a600 0 0 1 0 1 2 0 23883 656
0x00007d762f8c5680 0x00000005ea97a680 0 0 1 0 1 2 0 23883 664
0x00007d762f8c5700 0x00000005ea97a700 0 1 1 0 1 2 0 23883 656
0x00007d762f8c5780 0x00000005ea97a780 0 1 1 0 1 2 0 23883 664
0x00007d762f8c5800 0x00000005ea97a800 0 0 0 0 1 2 0 23883 672
0x00007d762f8c5880 0x00000005ea97a880 0 0 0 0 1 2 0 23883 680
0x00007d762f8c5900 0x00000005ea97a900 0 1 0 0 1 2 0 23883 672
0x00007d762f8c5980 0x00000005ea97a980 0 1 0 0 1 2 0 23883 680
0x00007d762f8c5a00 0x00000005ea97aa00 0 0 1 0 1 2 0 23883 672
0x00007d762f8c5a80 0x00000005ea97aa80 0 0 1 0 1 2 0 23883 680
0x00007d762f8c5b00 0x00000005ea97ab00 0 1 1 0 1 2 0 23883 672
0x00007d762f8c5b80 0x00000005ea97ab80 0 1 1 0 1 2 0 23883 680
0x00007d762f8c5c00 0x00000005ea97ac00 0 0 0 0 1 2 0 23883 688
0x00007d762f8c5c80 0x00000005ea97ac80 0 0 0 0 1 2 0 23883 696
0x00007d762f8c5d00 0x00000005ea97ad00 0 1 0 0 1 2 0 23883 688
0x00007d762f8c5d80 0x00000005ea97ad80 0 1 0 0 1 2 0 23883 696
0x00007d762f8c5e00 0x00000005ea97ae00 0 0 1 0 1 2 0 23883 688
0x00007d762f8c5e80 0x00000005ea97ae80 0 0 1 0 1 2 0 23883 696
0x00007d762f8c5f00 0x00000005ea97af00 0 1 1 0 1 2 0 23883 688
0x00007d762f8c5f80 0x00000005ea97af80 0 1 1 0 1 2 0 23883 696
0x00007d762f8c9000 0x0000000b0d1e6000 0 0 0 0 0 2 0 41399 384
0x00007d762f8c9080 0x0000000b0d1e6080 0 0 0 0 0 2 0 41399 392
0x00007d762f8c9100 0x0000000b0d1e6100 0 1 0 0 0 2 0 41399 384
0x00007d762f8c9180 0x0000000b0d1e6180 0 1 0 0 0 2 0 41399 392
0x00007d762f8c9200 0x0000000b0d1e6200 0 0 1 0 0 2 0 41399 384
0x00007d762f8c9280 0x0000000b0d1e6280 0 0 1 0 0 2 0 41399 392
0x00007d762f8c9300 0x0000000b0d1e6300 0 1 1 0 0 2 0 41399 384
0x00007d762f8c9380 0x0000000b0d1e6380 0 1 1 0 0 2 0 41399 392
0x00007d762f8c9400 0x0000000b0d1e6400 0 0 0 0 0 2 0 41399 400
0x00007d762f8c9480 0x0000000b0d1e6480 0 0 0 0 0 2 0 41399 408
0x00007d762f8c9500 0x0000000b0d1e6500 0 1 0 0 0 2 0 41399 400
0x00007d762f8c9580 0x0000000b0d1e6580 0 1 0 0 0 2 0 41399 408
0x00007d762f8c9600 0x0000000b0d1e6600 0 0 1 0 0 2 0 41399 400
0x00007d762f8c9680 0x0000000b0d1e6680 0 0 1 0 0 2 0 41399 408
0x00007d762f8c9700 0x0000000b0d1e6700 0 1 1 0 0 2 0 41399 400
0x00007d762f8c9780 0x0000000b0d1e6780 0 1 1 0 0 2 0 41399 408
0x00007d762f8c9800 0x0000000b0d1e6800 0 0 0 0 0 2 0 41399 416
0x00007d762f8c9880 0x0000000b0d1e6880 0 0 0 0 0 2 0 41399 424
0x00007d762f8c9900 0x0000000b0d1e6900 0 1 0 0 0 2 0 41399 416
0x00007d762f8c9980 0x0000000b0d1e6980 0 1 0 0 0 2 0 41399 424
0x00007d762f8c9a00 0x0000000b0d1e6a00 0 0 1 0 0 2 0 41399 416
0x00007d762f8c9a80 0x0000000b0d1e6a80 0 0 1 0 0 2 0 41399 424
0x00007d762f8c9b00 0x0000000b0d1e6b00 0 1 1 0 0 2 0 41399 416
0x00007d762f8c9b80 0x0000000b0d1e6b80 0 1 1 0 0 2 0 41399 424
0x00007d762f8c9c00 0x0000000b0d1e6c00 0 0 0 0 0 2 0 41399 432
0x00007d762f8c9c80 0x0000000b0d1e6c80 0 0 0 0 0 2 0 41399 440
0x00007d762f8c9d00 0x0000000b0d1e6d00 0 1 0 0 0 2 0 41399 432
0x00007d762f8c9d80 0x0000000b0d1e6d80 0 1 0 0 0 2 0 41399 440
0x00007d762f8c9e00 0x0000000b0d1e6e00 0 0 1 0 0 2 0 41399 432
0x00007d762f8c9e80 0x0000000b0d1e6e80 0 0 1 0 0 2 0 41399 440
0x00007d762f8c9f00 0x0000000b0d1e6f00 0 1 1 0 0 2 0 41399 432
0x00007d762f8c9f80 0x0000000b0d1e6f80 0 1 1 0 0 2 0 41399 440
0x00007d762f8ec000 0x00000005ea976000 0 0 0 0 0 2 0 23883 896
0x00007d762f8ec080 0x00000005ea976080 0 0 0 0 0 2 0 23883 904
0x00007d762f8ec100 0x00000005ea976100 0 1 0 0 0 2 0 23883 896
0x00007d762f8ec180 0x00000005ea976180 0 1 0 0 0 2 0 23883 904
0x00007d762f8ec200 0x00000005ea976200 0 0 1 0 0 2 0 23883 896
0x00007d762f8ec280 0x00000005ea976280 0 0 1 0 0 2 0 23883 904
0x00007d762f8ec300 0x00000005ea976300 0 1 1 0 0 2 0 23883 896
0x00007d762f8ec380 0x00000005ea976380 0 1 1 0 0 2 0 23883 904
0x00007d762f8ec400 0x00000005ea976400 0 0 0 0 0 2 0 23883 912
0x00007d762f8ec480 0x00000005ea976480 0 0 0 0 0 2 0 23883 920
0x00007d762f8ec500 0x00000005ea976500 0 1 0 0 0 2 0 23883 912
0x00007d762f8ec580 0x00000005ea976580 0 1 0 0 0 2 0 23883 920
0x00007d762f8ec600 0x00000005ea976600 0 0 1 0 0 2 0 23883 912
0x00007d762f8ec680 0x00000005ea976680 0 0 1 0 0 2 0 23883 920
0x00007d762f8ec700 0x00000005ea976700 0 1 1 0 0 2 0 23883 912
0x00007d762f8ec780 0x00000005ea976780 0 1 1 0 0 2 0 23883 920
0x00007d762f8ec800 0x00000005ea976800 0 0 0 0 0 2 0 23883 928
0x00007d762f8ec880 0x00000005ea976880 0 0 0 0 0 2 0 23883 936
0x00007d762f8ec900 0x00000005ea976900 0 1 0 0 0 2 0 23883 928
0x00007d762f8ec980 0x00000005ea976980 0 1 0 0 0 2 0 23883 936
0x00007d762f8eca00 0x00000005ea976a00 0 0 1 0 0 2 0 23883 928
0x00007d762f8eca80 0x00000005ea976a80 0 0 1 0 0 2 0 23883 936
0x00007d762f8ecb00 0x00000005ea976b00 0 1 1 0 0 2 0 23883 928
0x00007d762f8ecb80 0x00000005ea976b80 0 1 1 0 0 2 0 23883 936
0x00007d762f8ecc00 0x00000005ea976c00 0 0 0 0 0 2 0 23883 944
0x00007d762f8ecc80 0x00000005ea976c80 0 0 0 0 0 2 0 23883 952
0x00007d762f8ecd00 0x00000005ea976d00 0 1 0 0 0 2 0 23883 944
0x00007d762f8ecd80 0x00000005ea976d80 0 1 0 0 0 2 0 23883 952
0x00007d762f8ece00 0x00000005ea976e00 0 0 1 0 0 2 0 23883 944
0x00007d762f8ece80 0x00000005ea976e80 0 0 1 0 0 2 0 23883 952
0x00007d762f8ecf00 0x00000005ea976f00 0 1 1 0 0 2 0 23883 944
0x00007d762f8ecf80 0x00000005ea976f80 0 1 1 0 0 2 0 23883 952
0x00007d762f8f2000 0x0000000cae914000 0 0 0 0 0 2 0 50632 768
0x00007d762f8f2080 0x0000000cae914080 0 0 0 0 0 2 0 50632 776
0x00007d762f8f2100 0x0000000cae914100 0 1 0 0 0 2 0 50632 768
0x00007d762f8f2180 0x0000000cae914180 0 1 0 0 0 2 0 50632 776
0x00007d762f8f2200 0x0000000cae914200 0 0 1 0 0 2 0 50632 768
0x00007d762f8f2280 0x0000000cae914280 0 0 1 0 0 2 0 50632 776
0x00007d762f8f2300 0x0000000cae914300 0 1 1 0 0 2 0 50632 768
0x00007d762f8f2380 0x0000000cae914380 0 1 1 0 0 2 0 50632 776
0x00007d762f8f2400 0x0000000cae914400 0 0 0 0 0 2 0 50632 784
0x00007d762f8f2480 0x0000000cae914480 0 0 0 0 0 2 0 50632 792
0x00007d762f8f2500 0x0000000cae914500 0 1 0 0 0 2 0 50632 784
0x00007d762f8f2580 0x0000000cae914580 0 1 0 0 0 2 0 50632 792
0x00007d762f8f2600 0x0000000cae914600 0 0 1 0 0 2 0 50632 784
0x00007d762f8f2680 0x0000000cae914680 0 0 1 0 0 2 0 50632 792
0x00007d762f8f2700 0x0000000cae914700 0 1 1 0 0 2 0 50632 784
0x00007d762f8f2780 0x0000000cae914780 0 1 1 0 0 2 0 50632 792
0x00007d762f8f2800 0x0000000cae914800 0 0 0 0 0 2 0 50632 800
0x00007d762f8f2880 0x0000000cae914880 0 0 0 0 0 2 0 50632 808
0x00007d762f8f2900 0x0000000cae914900 0 1 0 0 0 2 0 50632 800
0x00007d762f8f2980 0x0000000cae914980 0 1 0 0 0 2 0 50632 808
0x00007d762f8f2a00 0x0000000cae914a00 0 0 1 0 0 2 0 50632 800
0x00007d762f8f2a80 0x0000000cae914a80 0 0 1 0 0 2 0 50632 808
0x00007d762f8f2b00 0x0000000cae914b00 0 1 1 0 0 2 0 50632 800
0x00007d762f8f2b80 0x0000000cae914b80 0 1 1 0 0 2 0 50632 808
0x00007d762f8f2c00 0x0000000cae914c00 0 0 0 0 0 2 0 50632 816
0x00007d762f8f2c80 0x0000000cae914c80 0 0 0 0 0 2 0 50632 824
0x00007d762f8f2d00 0x0000000cae914d00 0 1 0 0 0 2 0 50632 816
0x00007d762f8f2d80 0x0000000cae914d80 0 1 0 0 0 2 0 50632 824
0x00007d762f8f2e00 0x0000000cae914e00 0 0 1 0 0 2 0 50632 816
0x00007d762f8f2e80 0x0000000cae914e80 0 0 1 0 0 2 0 50632 824
0x00007d762f8f2f00 0x0000000cae914f00 0 1 1 0 0 2 0 50632 816
0x00007d762f8f2f80 0x0000000cae914f80 0 1 1 0 0 2 0 50632 824
0x00007d762f8fa000 0x00000005ea979000 0 0 0 0 1 2 0 23883 576
0x00007d762f8fa080 0x00000005ea979080 0 0 0 0 1 2 0 23883 584
0x00007d762f8fa100 0x00000005ea979100 0 1 0 0 1 2 0 23883 576
0x00007d762f8fa180 0x00000005ea979180 0 1 0 0 1 2 0 23883 584
0x00007d762f8fa200 0x00000005ea979200 0 0 1 0 1 2 0 23883 576
0x00007d762f8fa280 0x00000005ea979280 0 0 1 0 1 2 0 23883 584
0x00007d762f8fa300 0x00000005ea979300 0 1 1 0 1 2 0 23883 576
0x00007d762f8fa380 0x00000005ea979380 0 1 1 0 1 2 0 23883 584
0x00007d762f8fa400 0x00000005ea979400 0 0 0 0 1 2 0 23883 592
0x00007d762f8fa480 0x00000005ea979480 0 0 0 0 1 2 0 23883 600
0x00007d762f8fa500 0x00000005ea979500 0 1 0 0 1 2 0 23883 592
0x00007d762f8fa580 0x00000005ea979580 0 1 0 0 1 2 0 23883 600
0x00007d762f8fa600 0x00000005ea979600 0 0 1 0 1 2 0 23883 592
0x00007d762f8fa680 0x00000005ea979680 0 0 1 0 1 2 0 23883 600
0x00007d762f8fa700 0x00000005ea979700 0 1 1 0 1 2 0 23883 592
0x00007d762f8fa780 0x00000005ea979780 0 1 1 0 1 2 0 23883 600
0x00007d762f8fa800 0x00000005ea979800 0 0 0 0 1 2 0 23883 608
0x00007d762f8fa880 0x00000005ea979880 0 0 0 0 1 2 0 23883 616
0x00007d762f8fa900 0x00000005ea979900 0 1 0 0 1 2 0 23883 608
0x00007d762f8fa980 0x00000005ea979980 0 1 0 0 1 2 0 23883 616
0x00007d762f8faa00 0x00000005ea979a00 0 0 1 0 1 2 0 23883 608
0x00007d762f8faa80 0x00000005ea979a80 0 0 1 0 1 2 0 23883 616
0x00007d762f8fab00 0x00000005ea979b00 0 1 1 0 1 2 0 23883 608
0x00007d762f8fab80 0x00000005ea979b80 0 1 1 0 1 2 0 23883 616
0x00007d762f8fac00 0x00000005ea979c00 0 0 0 0 1 2 0 23883 624
0x00007d762f8fac80 0x00000005ea979c80 0 0 0 0 1 2 0 23883 632
0x00007d762f8fad00 0x00000005ea979d00 0 1 0 0 1 2 0 23883 624
0x00007d762f8fad80 0x00000005ea979d80 0 1 0 0 1 2 0 23883 632
0x00007d762f8fae00 0x00000005ea979e00 0 0 1 0 1 2 0 23883 624
0x00007d762f8fae80 0x00000005ea979e80 0 0 1 0 1 2 0 23883 632
0x00007d762f8faf00 0x00000005ea979f00 0 1 1 0 1 2 0 23883 624
0x00007d762f8faf80 0x00000005ea979f80 0 1 1 0 1 2 0 23883 632
